generation,member,obj1,obj2,obj1_sd,obj2_sd,obj1_sd_syn,obj2_sd_syn,nsga2_front,nsga2_crowding_distance,nn_count,spea2_unconstrained_fitness,spea2_constrained_fitness,is_feasible,feasible_distance
0,gen=7_member=209_pso,0.591928,0.670637,0,0,0.0366898,0.0379419,1,1,0,0.480687,0.480687,1,-999
0,gen=20_member=601_pso,0.0672193,0.975269,0,0,0.0366898,0.0379419,1,1,0,0.393902,0.393902,1,-999
0,gen=20_member=584_pso,0.897035,0.2183,0,0,0.0366898,0.0379419,1,1,0,0.485242,0.485242,1,-999
0,gen=19_member=565_pso,0.530383,0.722301,0,0,0.0366898,0.0379419,1,1,0,0.475031,0.475031,1,-999
0,gen=19_member=556_pso,0.865994,0.322597,0,0,0.0366898,0.0379419,1,1,0,0.470557,0.470557,1,-999
0,gen=19_member=549_pso,0.633186,0.638985,0,0,0.0366898,0.0379419,1,1,0,0.47577,0.47577,1,-999
0,gen=18_member=527_pso,0.968182,0.0307688,0,0,0.0366898,0.0379419,1,1,0,0.466413,0.466413,1,-999
0,gen=17_member=511_pso,0.846996,0.338678,0,0,0.0366898,0.0379419,1,1,0,0.469403,0.469403,1,-999
0,gen=17_member=504_pso,0.786437,0.459565,0,0,0.0366898,0.0379419,1,1,0,0.468577,0.468577,1,-999
0,gen=17_member=491_pso,0.7004,0.562456,0,0,0.0366898,0.0379419,1,1,0,0.480127,0.480127,1,-999
0,gen=16_member=483_pso,0.682845,0.58696,0,0,0.0366898,0.0379419,1,1,0,0.482644,0.482644,1,-999
0,gen=16_member=479_pso,0.935249,0.170977,0,0,0.0366898,0.0379419,1,1,0,0.479257,0.479257,1,-999
0,gen=12_member=335_pso,0.984464,0.026722,0,0,0.0366898,0.0379419,1,1,2,0.464594,0.464594,1,-999
0,gen=11_member=331_pso,0.443821,0.781957,0,0,0.0366898,0.0379419,1,1,0,0.457608,0.457608,1,-999
0,gen=10_member=275_pso,0.739984,0.536843,0,0,0.0366898,0.0379419,1,1,0,0.478431,0.478431,1,-999
0,gen=8_member=237_pso,0.716884,0.561869,0,0,0.0366898,0.0379419,1,0.5625,1,0.477458,0.477458,1,-999
0,gen=20_member=577_pso,0.930582,0.183823,0,0,0.0366898,0.0379419,1,0.5625,1,0.479437,0.479437,1,-999
0,gen=15_member=436_pso,0.53914,0.715475,0,0,0.0366898,0.0379419,1,0.5625,1,0.472542,0.472542,1,-999
0,gen=14_member=411_pso,0.476968,0.761126,0,0,0.0366898,0.0379419,1,0.5625,1,0.465918,0.465918,1,-999
0,gen=14_member=395_pso,0.826772,0.456852,0,0,0.0366898,0.0379419,1,0.5625,1,0.467319,0.467319,1,-999
0,gen=13_member=386_pso,0.648354,0.62683,0,0,0.0366898,0.0379419,1,0.5625,1,0.480127,0.480127,1,-999
0,gen=13_member=373_pso,0.977054,0.0276138,0,0,0.0366898,0.0379419,1,0.5625,1,0.46526,0.46526,1,-999
0,gen=10_member=290_pso,0.895356,0.262034,0,0,0.0366898,0.0379419,1,0.25,2,0.479437,0.479437,1,-999
0,gen=5_member=149_pso,0.957058,0.0872045,0,0,0.0366898,0.0379419,1,0.0625,3,0.479257,0.479257,1,-999
0,gen=14_member=420_pso,0.919002,0.209238,0,0,0.0366898,0.0379419,1,0.0625,3,0.485944,0.485944,1,-999
1,gen=7_member=209_pso,0.591928,0.670637,0,0,0.0354226,0.035418,1,1,0,0.475157,0.475157,1,-999
1,gen=20_member=601_pso,0.0672193,0.975269,0,0,0.0354226,0.035418,1,0.64,1,0.393902,0.393902,1,-999
1,gen=20_member=584_pso,0.897035,0.2183,0,0,0.0354226,0.035418,1,1,0,0.474199,0.474199,1,-999
1,gen=19_member=565_pso,0.530383,0.722301,0,0,0.0354226,0.035418,1,1,0,0.468972,0.468972,1,-999
1,gen=19_member=556_pso,0.865994,0.322597,0,0,0.0354226,0.035418,1,1,0,0.467319,0.467319,1,-999
1,gen=19_member=549_pso,0.633186,0.638985,0,0,0.0354226,0.035418,1,1,0,0.47577,0.47577,1,-999
1,gen=18_member=527_pso,0.968182,0.0307688,0,0,0.0354226,0.035418,1,1,0,0.463477,0.463477,1,-999
1,gen=17_member=511_pso,0.846996,0.338678,0,0,0.0354226,0.035418,1,1,0,0.468339,0.468339,1,-999
1,gen=17_member=504_pso,0.786437,0.459565,0,0,0.0354226,0.035418,1,1,0,0.468339,0.468339,1,-999
1,gen=17_member=491_pso,0.7004,0.562456,0,0,0.0354226,0.035418,1,1,0,0.480127,0.480127,1,-999
1,gen=16_member=483_pso,0.682845,0.58696,0,0,0.0354226,0.035418,1,1,0,0.482644,0.482644,1,-999
1,gen=16_member=479_pso,0.935249,0.170977,0,0,0.0354226,0.035418,1,1,0,0.476324,0.476324,1,-999
1,gen=12_member=335_pso,0.984464,0.026722,0,0,0.0354226,0.035418,1,1,2,0.461663,0.461663,1,-999
1,gen=11_member=331_pso,0.443821,0.781957,0,0,0.0354226,0.035418,1,1,0,0.446972,0.446972,1,-999
1,gen=10_member=275_pso,0.739984,0.536843,0,0,0.0354226,0.035418,1,1,0,0.475932,0.475932,1,-999
1,gen=8_member=237_pso,0.716884,0.561869,0,0,0.0354226,0.035418,1,0.64,1,0.477458,0.477458,1,-999
1,gen=20_member=577_pso,0.930582,0.183823,0,0,0.0354226,0.035418,1,0.64,1,0.47615,0.47615,1,-999
1,gen=15_member=436_pso,0.53914,0.715475,0,0,0.0354226,0.035418,1,0.64,1,0.471426,0.471426,1,-999
1,gen=14_member=411_pso,0.476968,0.761126,0,0,0.0354226,0.035418,1,0.64,1,0.454897,0.454897,1,-999
1,gen=14_member=395_pso,0.826772,0.456852,0,0,0.0354226,0.035418,1,0.64,1,0.464684,0.464684,1,-999
1,gen=13_member=386_pso,0.648354,0.62683,0,0,0.0354226,0.035418,1,0.64,1,0.480127,0.480127,1,-999
1,gen=13_member=373_pso,0.977054,0.0276138,0,0,0.0354226,0.035418,1,0.64,1,0.462326,0.462326,1,-999
1,gen=10_member=290_pso,0.895356,0.262034,0,0,0.0354226,0.035418,1,0.36,2,0.478326,0.478326,1,-999
1,gen=5_member=149_pso,0.957058,0.0872045,0,0,0.0354226,0.035418,1,0.16,3,0.47615,0.47615,1,-999
1,gen=14_member=420_pso,0.919002,0.209238,0,0,0.0354226,0.035418,1,0.16,3,0.470557,0.470557,1,-999
1,gen=21_member=27_pso,0.028055,0.983009,0.00840705,0.00647596,0.0354226,0.035418,1,1,0,0.388053,0.388053,1,-999
1,gen=21_member=20_pso,0.68161,0.618427,0.00889575,0.00929325,0.0354226,0.035418,1,0.04,4,0.483586,0.483586,1,-999
2,gen=7_member=209_pso,0.591928,0.670637,0,0,0.0329796,0.0329754,1,1,0,0.475157,0.475157,1,-999
2,gen=21_member=27_pso,0.028055,0.983009,0.00840705,0.00647596,0.0329796,0.0329754,1,1,0,0.389704,0.389704,1,-999
2,gen=20_member=584_pso,0.897035,0.2183,0,0,0.0329796,0.0329754,1,1,0,0.485242,0.485242,1,-999
2,gen=19_member=565_pso,0.530383,0.722301,0,0,0.0329796,0.0329754,1,1,0,0.468972,0.468972,1,-999
2,gen=19_member=556_pso,0.865994,0.322597,0,0,0.0329796,0.0329754,1,1,0,0.467319,0.467319,1,-999
2,gen=19_member=549_pso,0.633186,0.638985,0,0,0.0329796,0.0329754,1,1,0,0.47577,0.47577,1,-999
2,gen=18_member=527_pso,0.968182,0.0307688,0,0,0.0329796,0.0329754,1,1,0,0.466413,0.466413,1,-999
2,gen=17_member=511_pso,0.846996,0.338678,0,0,0.0329796,0.0329754,1,1,0,0.468339,0.468339,1,-999
2,gen=17_member=504_pso,0.786437,0.459565,0,0,0.0329796,0.0329754,1,1,0,0.468339,0.468339,1,-999
2,gen=17_member=491_pso,0.7004,0.562456,0,0,0.0329796,0.0329754,1,1,0,0.480127,0.480127,1,-999
2,gen=16_member=483_pso,0.682845,0.58696,0,0,0.0329796,0.0329754,1,1,0,0.482644,0.482644,1,-999
2,gen=16_member=479_pso,0.935249,0.170977,0,0,0.0329796,0.0329754,1,0.64,1,0.483275,0.483275,1,-999
2,gen=12_member=335_pso,0.984464,0.026722,0,0,0.0329796,0.0329754,1,1,2,0.464594,0.464594,1,-999
2,gen=11_member=331_pso,0.443821,0.781957,0,0,0.0329796,0.0329754,1,1,0,0.453377,0.453377,1,-999
2,gen=10_member=275_pso,0.739984,0.536843,0,0,0.0329796,0.0329754,1,1,0,0.475932,0.475932,1,-999
2,gen=8_member=237_pso,0.716884,0.561869,0,0,0.0329796,0.0329754,1,0.64,1,0.477458,0.477458,1,-999
2,gen=20_member=601_pso,0.0672193,0.975269,0,0,0.0329796,0.0329754,1,0.64,1,0.39561,0.39561,1,-999
2,gen=20_member=577_pso,0.930582,0.183823,0,0,0,0,2,-999,1,0.480215,0.480215,1,-999
2,gen=15_member=436_pso,0.53914,0.715475,0,0,0.0329796,0.0329754,1,0.64,1,0.471426,0.471426,1,-999
2,gen=14_member=411_pso,0.476968,0.761126,0,0,0.0329796,0.0329754,1,1,0,0.454897,0.454897,1,-999
2,gen=14_member=395_pso,0.826772,0.456852,0,0,0.0329796,0.0329754,1,0.64,1,0.464684,0.464684,1,-999
2,gen=13_member=386_pso,0.648354,0.62683,0,0,0.0329796,0.0329754,1,1,0,0.480127,0.480127,1,-999
2,gen=13_member=373_pso,0.977054,0.0276138,0,0,0.0329796,0.0329754,1,0.64,1,0.46526,0.46526,1,-999
2,gen=10_member=290_pso,0.895356,0.262034,0,0,0.0329796,0.0329754,1,0.36,2,0.478326,0.478326,1,-999
2,gen=5_member=149_pso,0.957058,0.0872045,0,0,0.0329796,0.0329754,1,0.16,3,0.479257,0.479257,1,-999
2,gen=14_member=420_pso,0.919002,0.209238,0,0,0.0329796,0.0329754,1,0.16,3,0.485944,0.485944,1,-999
2,gen=21_member=20_pso,0.68161,0.618427,0.00889575,0.00929325,0.0329796,0.0329754,1,0.04,4,0.483586,0.483586,1,-999
2,gen=22_member=51_pso,0.925639,0.176073,0.0049376,0.00468036,0.0329796,0.0329754,1,1,0,1.48187,1.48187,1,-999
2,gen=22_member=50_pso,0.940108,0.102212,0.00418296,0.00459914,0.0329796,0.0329754,1,1,0,0.480215,0.480215,1,-999
2,gen=22_member=31_pso,0.283346,0.893651,0.0423778,0.0477149,0.0423778,0.0477149,1,1,0,0.433399,0.433399,1,-999
3,gen=7_member=209_pso,0.591928,0.670637,0,0,0.0318803,0.0318762,1,1,0,0.475157,0.475157,1,-999
3,gen=22_member=51_pso,0.925639,0.176073,0.0049376,0.00468036,0.0318803,0.0318762,1,1,0,0.481762,0.481762,1,-999
3,gen=22_member=50_pso,0.940108,0.102212,0.00418296,0.00459914,0.0318803,0.0318762,1,1,0,0.479967,0.479967,1,-999
3,gen=22_member=31_pso,0.283346,0.893651,0.0423778,0.0477149,0.0423778,0.0477149,1,0.64,1,0.4458,0.4458,1,-999
3,gen=21_member=27_pso,0.028055,0.983009,0.00840705,0.00647596,0.0318803,0.0318762,1,1,0,0.406182,0.406182,1,-999
3,gen=20_member=584_pso,0.897035,0.2183,0,0,0.0318803,0.0318762,1,1,0,0.485242,0.485242,1,-999
3,gen=19_member=565_pso,0.530383,0.722301,0,0,0.0318803,0.0318762,1,1,0,0.468972,0.468972,1,-999
3,gen=19_member=556_pso,0.865994,0.322597,0,0,0.0318803,0.0318762,1,1,0,0.474199,0.474199,1,-999
3,gen=19_member=549_pso,0.633186,0.638985,0,0,0.0318803,0.0318762,1,1,0,0.47577,0.47577,1,-999
3,gen=18_member=527_pso,0.968182,0.0307688,0,0,0.0318803,0.0318762,1,1,0,0.481461,0.481461,1,-999
3,gen=17_member=511_pso,0.846996,0.338678,0,0,0.0318803,0.0318762,1,1,0,0.471722,0.471722,1,-999
3,gen=17_member=504_pso,0.786437,0.459565,0,0,0.0318803,0.0318762,1,1,0,0.468577,0.468577,1,-999
3,gen=17_member=491_pso,0.7004,0.562456,0,0,0.0318803,0.0318762,1,1,0,0.480127,0.480127,1,-999
3,gen=16_member=483_pso,0.682845,0.58696,0,0,0.0318803,0.0318762,1,1,0,0.482644,0.482644,1,-999
3,gen=14_member=411_pso,0.476968,0.761126,0,0,0.0318803,0.0318762,1,1,0,0.464953,0.464953,1,-999
3,gen=13_member=386_pso,0.648354,0.62683,0,0,0.0318803,0.0318762,1,1,0,0.480127,0.480127,1,-999
3,gen=12_member=335_pso,0.984464,0.026722,0,0,0.0318803,0.0318762,1,1,3,0.478978,0.478978,1,-999
3,gen=11_member=331_pso,0.443821,0.781957,0,0,0.0318803,0.0318762,1,1,0,0.457608,0.457608,1,-999
3,gen=10_member=275_pso,0.739984,0.536843,0,0,0.0318803,0.0318762,1,1,0,0.475932,0.475932,1,-999
3,gen=8_member=237_pso,0.716884,0.561869,0,0,0.0318803,0.0318762,1,0.64,1,0.477458,0.477458,1,-999
3,gen=20_member=601_pso,0.0672193,0.975269,0,0,0.0318803,0.0318762,1,0.64,1,0.412657,0.412657,1,-999
3,gen=16_member=479_pso,0.935249,0.170977,0,0,0.0318803,0.0318762,1,0.64,1,0.479502,0.479502,1,-999
3,gen=15_member=436_pso,0.53914,0.715475,0,0,0.0318803,0.0318762,1,0.64,1,0.471426,0.471426,1,-999
3,gen=14_member=395_pso,0.826772,0.456852,0,0,0.034292,0.097409,2,1,0,0.467319,0.467319,1,-999
3,gen=13_member=373_pso,0.977054,0.0276138,0,0,0.0318803,0.0318762,1,0.64,1,0.479967,0.479967,1,-999
3,gen=10_member=290_pso,0.895356,0.262034,0,0,0.034292,0.097409,2,1,0,0.478326,0.478326,1,-999
3,gen=5_member=149_pso,0.957058,0.0872045,0,0,0.0318803,0.0318762,1,0.36,2,0.483879,0.483879,1,-999
3,gen=14_member=420_pso,0.919002,0.209238,0,0,0.0318803,0.0318762,1,0.16,3,0.485944,0.485944,1,-999
3,gen=21_member=20_pso,0.68161,0.618427,0.00889575,0.00929325,0.0318803,0.0318762,1,0.04,4,0.483586,0.483586,1,-999
3,gen=23_member=88_pso,0.34869,0.839852,0.00611213,0.00603863,0.0318803,0.0318762,1,1,0,0.451147,0.451147,1,-999
3,gen=23_member=83_pso,0.262674,0.905797,0.0397585,0.042847,0.0397585,0.042847,1,1,0,0.444124,0.444124,1,-999
3,gen=23_member=79_pso,0.814073,0.412863,0.00700807,0.00856504,0.0318803,0.0318762,1,1,0,1.46623,1.46623,1,-999
3,gen=23_member=61_pso,0.886727,0.241021,0.00483657,0.00510817,0.0318803,0.0318762,1,0.64,1,1.47974,1.47974,1,-999
3,gen=23_member=62_pso,0.97947,0.0276661,0.0111206,0.0164102,0.0318803,0.0318762,1,0.36,2,0.479523,0.479523,1,-999
4,gen=7_member=209_pso,0.591928,0.670637,0,0,0.0318803,0.0318762,1,1,0,0.470907,0.470907,1,-999
4,gen=23_member=88_pso,0.34869,0.839852,0.00611213,0.00603863,0.0318803,0.0318762,1,1,0,0.464953,0.464953,1,-999
4,gen=23_member=83_pso,0.262674,0.905797,0.0397585,0.042847,0.0397585,0.042847,1,1,0,0.451363,0.451363,1,-999
4,gen=23_member=79_pso,0.814073,0.412863,0.00700807,0.00856504,0.0318803,0.0318762,1,1,0,0.466232,0.466232,1,-999
4,gen=22_member=51_pso,0.925639,0.176073,0.0049376,0.00468036,0.0318803,0.0318762,1,0.444444,1,0.481762,0.481762,1,-999
4,gen=22_member=50_pso,0.940108,0.102212,0.00418296,0.00459914,0.0318803,0.0318762,1,1,0,0.479967,0.479967,1,-999
4,gen=21_member=27_pso,0.028055,0.983009,0.00840705,0.00647596,0.0318803,0.0318762,1,1,0,0.425324,0.425324,1,-999
4,gen=20_member=584_pso,0.897035,0.2183,0,0,0.0318803,0.0318762,1,0.444444,1,0.474199,0.474199,1,-999
4,gen=19_member=565_pso,0.530383,0.722301,0,0,0.0318803,0.0318762,1,1,0,0.468972,0.468972,1,-999
4,gen=19_member=556_pso,0.865994,0.322597,0,0,0.0318803,0.0318762,1,1,0,0.465585,0.465585,1,-999
4,gen=19_member=549_pso,0.633186,0.638985,0,0,0.0318803,0.0318762,1,1,0,0.47308,0.47308,1,-999
4,gen=18_member=527_pso,0.968182,0.0307688,0,0,0.0318803,0.0318762,1,1,0,0.481461,0.481461,1,-999
4,gen=17_member=511_pso,0.846996,0.338678,0,0,0.0318803,0.0318762,1,1,0,0.468339,0.468339,1,-999
4,gen=17_member=504_pso,0.786437,0.459565,0,0,0.0318803,0.0318762,1,1,0,0.468577,0.468577,1,-999
4,gen=17_member=491_pso,0.7004,0.562456,0,0,0.0318803,0.0318762,1,1,0,0.480127,0.480127,1,-999
4,gen=16_member=483_pso,0.682845,0.58696,0,0,0.0318803,0.0318762,1,1,0,0.481695,0.481695,1,-999
4,gen=14_member=411_pso,0.476968,0.761126,0,0,0.0318803,0.0318762,1,1,0,0.465918,0.465918,1,-999
4,gen=13_member=386_pso,0.648354,0.62683,0,0,0.0318803,0.0318762,1,1,0,0.477458,0.477458,1,-999
4,gen=12_member=335_pso,0.984464,0.026722,0,0,0.0318803,0.0318762,1,1,3,0.478978,0.478978,1,-999
4,gen=11_member=331_pso,0.443821,0.781957,0,0,0.0318803,0.0318762,1,1,0,0.472542,0.472542,1,-999
4,gen=10_member=275_pso,0.739984,0.536843,0,0,0.0318803,0.0318762,1,0.444444,1,0.478431,0.478431,1,-999
4,gen=8_member=237_pso,0.716884,0.561869,0,0,0.0318803,0.0318762,1,0.444444,1,0.477458,0.477458,1,-999
4,gen=23_member=61_pso,0.886727,0.241021,0.00483657,0.00510817,0.0318803,0.0318762,1,0.111111,2,0.479502,0.479502,1,-999
4,gen=22_member=31_pso,0.283346,0.893651,0.0423778,0.0477149,0.0423778,0.0477149,1,0.444444,1,0.453377,0.453377,1,-999
4,gen=20_member=601_pso,0.0672193,0.975269,0,0,0.0318803,0.0318762,1,0.444444,1,0.432438,0.432438,1,-999
4,gen=16_member=479_pso,0.935249,0.170977,0,0,0.0318803,0.0318762,1,0.111111,2,0.479502,0.479502,1,-999
4,gen=15_member=436_pso,0.53914,0.715475,0,0,0.0318803,0.0318762,1,0.444444,1,0.471426,0.471426,1,-999
4,gen=13_member=373_pso,0.977054,0.0276138,0,0,0.0318803,0.0318762,1,0.444444,1,0.479967,0.479967,1,-999
4,gen=5_member=149_pso,0.957058,0.0872045,0,0,0.0318803,0.0318762,1,0.111111,2,0.483879,0.483879,1,-999
4,gen=23_member=62_pso,0.97947,0.0276661,0.0111206,0.0164102,0.0318803,0.0318762,1,0.111111,2,0.479523,0.479523,1,-999
4,gen=24_member=93_pso,0.745512,0.525379,0.00951586,0.0104666,0.0318803,0.0318762,1,1,0,0.4787,0.4787,1,-999
4,gen=24_member=119_pso,0.417325,0.812644,0.00563652,0.00550573,0.0318803,0.0318762,1,1,0,0.463817,0.463817,1,-999
4,gen=24_member=113_pso,0.911048,0.181905,0.00401575,0.00381867,0.0318803,0.0318762,1,1,0,0.479656,0.479656,1,-999
4,gen=24_member=112_pso,0.147255,0.894229,0.0478802,0.0550643,0.0478802,0.0550643,1,1,0,0.450784,0.450784,1,-999
5,gen=22_member=50_pso,0.940108,0.102212,0.00418296,0.00459914,0.0318803,0.0318762,1,1,0,0.479656,0.479656,1,-999
5,gen=7_member=209_pso,0.591928,0.670637,0,0,0.0318803,0.0318762,1,1,0,0.470907,0.470907,1,-999
5,gen=19_member=549_pso,0.633186,0.638985,0,0,0.0318803,0.0318762,1,1,0,0.47308,0.47308,1,-999
5,gen=24_member=93_pso,0.745512,0.525379,0.00951586,0.0104666,0.0318803,0.0318762,1,1,0,0.481051,0.481051,1,-999
5,gen=24_member=119_pso,0.417325,0.812644,0.00563652,0.00550573,0.0318803,0.0318762,1,0.444444,1,0.466215,0.466215,1,-999
5,gen=24_member=113_pso,0.911048,0.181905,0.00401575,0.00381867,0.0318803,0.0318762,1,0.444444,1,0.465585,0.465585,1,-999
5,gen=24_member=112_pso,0.147255,0.894229,0.0478802,0.0550643,0.0478802,0.0550643,1,1,0,0.468077,0.468077,1,-999
5,gen=23_member=88_pso,0.34869,0.839852,0.00611213,0.00603863,0.0318803,0.0318762,1,1,0,0.471852,0.471852,1,-999
5,gen=23_member=83_pso,0.262674,0.905797,0.0397585,0.042847,0.0397585,0.042847,1,0.111111,2,0.471852,0.471852,1,-999
5,gen=23_member=79_pso,0.814073,0.412863,0.00700807,0.00856504,0.0318803,0.0318762,1,1,0,0.466232,0.466232,1,-999
5,gen=19_member=556_pso,0.865994,0.322597,0,0,0.0318803,0.0318762,1,1,0,0.463318,0.463318,1,-999
5,gen=19_member=565_pso,0.530383,0.722301,0,0,0.0318803,0.0318762,1,1,0,0.468972,0.468972,1,-999
5,gen=21_member=27_pso,0.028055,0.983009,0.00840705,0.00647596,0.0318803,0.0318762,1,1,0,0.444124,0.444124,1,-999
5,gen=18_member=527_pso,0.968182,0.0307688,0,0,0.0318803,0.0318762,1,1,0,0.46478,0.46478,1,-999
5,gen=17_member=511_pso,0.846996,0.338678,0,0,0.0318803,0.0318762,1,1,0,0.460948,0.460948,1,-999
5,gen=17_member=504_pso,0.786437,0.459565,0,0,0.0318803,0.0318762,1,1,0,0.470874,0.470874,1,-999
5,gen=17_member=491_pso,0.7004,0.562456,0,0,0.0318803,0.0318762,1,1,0,0.485417,0.485417,1,-999
5,gen=16_member=483_pso,0.682845,0.58696,0,0,0.0318803,0.0318762,1,1,0,0.482644,0.482644,1,-999
5,gen=14_member=411_pso,0.476968,0.761126,0,0,0.0318803,0.0318762,1,1,0,0.479377,0.479377,1,-999
5,gen=13_member=386_pso,0.648354,0.62683,0,0,0.0318803,0.0318762,1,1,0,0.477458,0.477458,1,-999
5,gen=12_member=335_pso,0.984464,0.026722,0,0,0.0318803,0.0318762,1,1,2,0.462821,0.462821,1,-999
5,gen=11_member=331_pso,0.443821,0.781957,0,0,0.0318803,0.0318762,1,1,0,0.473553,0.473553,1,-999
5,gen=20_member=584_pso,0.897035,0.2183,0,0,0.0318803,0.0318762,1,0.444444,1,0.470815,0.470815,1,-999
5,gen=15_member=436_pso,0.53914,0.715475,0,0,0.0318803,0.0318762,1,0.444444,1,0.471426,0.471426,1,-999
5,gen=8_member=237_pso,0.716884,0.561869,0,0,0.0318803,0.0318762,1,0.111111,2,0.488165,0.488165,1,-999
5,gen=22_member=51_pso,0.925639,0.176073,0.0049376,0.00468036,0.0318803,0.0318762,1,0.111111,2,0.46478,0.46478,1,-999
5,gen=13_member=373_pso,0.977054,0.0276138,0,0,0.0318803,0.0318762,1,0.444444,1,0.463552,0.463552,1,-999
5,gen=22_member=31_pso,0.283346,0.893651,0.0423778,0.0477149,0.0423778,0.0477149,1,0.111111,2,0.468077,0.468077,1,-999
5,gen=20_member=601_pso,0.0672193,0.975269,0,0,0.0318803,0.0318762,1,0.444444,1,0.451363,0.451363,1,-999
5,gen=10_member=275_pso,0.739984,0.536843,0,0,0.0318803,0.0318762,1,0.111111,2,0.481695,0.481695,1,-999
5,gen=25_member=127_pso,0.408547,0.812567,0.00614634,0.00611509,0.0318803,0.0318762,1,1,0,0.46471,0.46471,1,-999
5,gen=25_member=123_pso,0.720177,0.545237,0.00867312,0.00911752,0.0318803,0.0318762,1,1,0,0.486054,0.486054,1,-999
5,gen=25_member=132_pso,0.180012,0.910831,0.0699246,0.0777727,0.0699246,0.0777727,1,0.444444,1,0.461516,0.461516,1,-999
5,gen=25_member=128_pso,0.933207,0.125446,0.00481431,0.00504915,0.0318803,0.0318762,1,0.444444,1,0.475925,0.475925,1,-999
5,gen=25_member=124_pso,0.216871,0.90997,0.042866,0.0526118,0.042866,0.0526118,1,0.444444,1,0.462821,0.462821,1,-999
6,gen=21_member=27_pso,0.028055,0.983009,0.00840705,0.00647596,0.0318803,0.0318762,1,1,0,0.45239,0.45239,1,-999
6,gen=7_member=209_pso,0.591928,0.670637,0,0,0.0318803,0.0318762,1,1,0,0.470907,0.470907,1,-999
6,gen=25_member=127_pso,0.408547,0.812567,0.00614634,0.00611509,0.0318803,0.0318762,1,1,0,0.46471,0.46471,1,-999
6,gen=25_member=123_pso,0.720177,0.545237,0.00867312,0.00911752,0.0318803,0.0318762,1,1,0,0.474062,0.474062,1,-999
6,gen=24_member=93_pso,0.745512,0.525379,0.00951586,0.0104666,0.0318803,0.0318762,1,1,0,0.469088,0.469088,1,-999
6,gen=24_member=112_pso,0.147255,0.894229,0.0478802,0.0550643,0.0478802,0.0550643,1,1,0,0.46269,0.46269,1,-999
6,gen=23_member=88_pso,0.34869,0.839852,0.00611213,0.00603863,0.0318803,0.0318762,1,1,0,0.464953,0.464953,1,-999
6,gen=22_member=50_pso,0.940108,0.102212,0.00418296,0.00459914,0.0318803,0.0318762,1,0.444444,1,0.479656,0.479656,1,-999
6,gen=23_member=79_pso,0.814073,0.412863,0.00700807,0.00856504,0.0318803,0.0318762,1,1,0,0.46247,0.46247,1,-999
6,gen=19_member=565_pso,0.530383,0.722301,0,0,0.0318803,0.0318762,1,1,0,0.468972,0.468972,1,-999
6,gen=19_member=556_pso,0.865994,0.322597,0,0,0.0318803,0.0318762,1,1,0,0.463307,0.463307,1,-999
6,gen=19_member=549_pso,0.633186,0.638985,0,0,0.0318803,0.0318762,1,1,0,0.471426,0.471426,1,-999
6,gen=18_member=527_pso,0.968182,0.0307688,0,0,0.0318803,0.0318762,1,1,0,0.475925,0.475925,1,-999
6,gen=17_member=511_pso,0.846996,0.338678,0,0,0.0318803,0.0318762,1,1,0,0.460948,0.460948,1,-999
6,gen=17_member=504_pso,0.786437,0.459565,0,0,0.0318803,0.0318762,1,1,0,0.468339,0.468339,1,-999
6,gen=17_member=491_pso,0.7004,0.562456,0,0,0.0318803,0.0318762,1,1,0,0.47577,0.47577,1,-999
6,gen=16_member=483_pso,0.682845,0.58696,0,0,0.0318803,0.0318762,1,1,0,0.4787,0.4787,1,-999
6,gen=14_member=411_pso,0.476968,0.761126,0,0,0.0318803,0.0318762,1,1,0,0.479377,0.479377,1,-999
6,gen=13_member=386_pso,0.648354,0.62683,0,0,0.0318803,0.0318762,1,1,0,0.474062,0.474062,1,-999
6,gen=12_member=335_pso,0.984464,0.026722,0,0,0.0318803,0.0318762,1,1,2,0.473607,0.473607,1,-999
6,gen=11_member=331_pso,0.443821,0.781957,0,0,0.0318803,0.0318762,1,1,0,0.473553,0.473553,1,-999
6,gen=25_member=132_pso,0.180012,0.910831,0.0699246,0.0777727,0.0699246,0.0777727,1,0.111111,2,0.461516,0.461516,1,-999
6,gen=25_member=128_pso,0.933207,0.125446,0.00481431,0.00504915,0.0318803,0.0318762,1,0.444444,1,0.475925,0.475925,1,-999
6,gen=25_member=124_pso,0.216871,0.90997,0.042866,0.0526118,0.042866,0.0526118,1,0.444444,1,0.462821,0.462821,1,-999
6,gen=24_member=119_pso,0.417325,0.812644,0.00563652,0.00550573,0.0318803,0.0318762,1,0.444444,1,0.466215,0.466215,1,-999
6,gen=24_member=113_pso,0.911048,0.181905,0.00401575,0.00381867,0.0318803,0.0318762,1,0.444444,1,0.465342,0.465342,1,-999
6,gen=20_member=601_pso,0.0672193,0.975269,0,0,0.0318803,0.0318762,1,0.111111,2,0.459386,0.459386,1,-999
6,gen=20_member=584_pso,0.897035,0.2183,0,0,0.0318803,0.0318762,1,0.444444,1,0.469403,0.469403,1,-999
6,gen=15_member=436_pso,0.53914,0.715475,0,0,0.0318803,0.0318762,1,0.444444,1,0.471426,0.471426,1,-999
6,gen=13_member=373_pso,0.977054,0.0276138,0,0,0.0318803,0.0318762,1,0.444444,1,0.47451,0.47451,1,-999
6,gen=26_member=156_pso,0.0761171,0.948765,0.0375156,0.0465283,0.0375156,0.0465283,1,1,0,0.465934,0.465934,1,-999
6,gen=26_member=171_pso,0.325396,0.928725,0.0733535,0.0915288,0.0733535,0.0915288,1,0.444444,1,0.457844,0.457844,1,-999
6,gen=26_member=152_pso,0.963515,0.042549,0.00558543,0.00734771,0.0318803,0.0318762,1,0.444444,1,0.478859,0.478859,1,-999
7,gen=7_member=209_pso,0.591928,0.670637,0,0,0.0317154,0.0322889,1,1,0,0.464426,0.464426,1,-999
7,gen=17_member=511_pso,0.846996,0.338678,0,0,0.0317154,0.0322889,1,1,0,0.465603,0.465603,1,-999
7,gen=26_member=156_pso,0.0761171,0.948765,0.0375156,0.0465283,0.0375156,0.0465283,1,1,0,0.435168,0.435168,1,-999
7,gen=17_member=504_pso,0.786437,0.459565,0,0,0.0317154,0.0322889,1,1,0,0.468339,0.468339,1,-999
7,gen=17_member=491_pso,0.7004,0.562456,0,0,0.0317154,0.0322889,1,1,0,0.47577,0.47577,1,-999
7,gen=16_member=483_pso,0.682845,0.58696,0,0,0.0317154,0.0322889,1,1,0,0.4787,0.4787,1,-999
7,gen=25_member=127_pso,0.408547,0.812567,0.00614634,0.00611509,0.0317154,0.0322889,1,0.0625,3,0.479377,0.479377,1,-999
7,gen=14_member=411_pso,0.476968,0.761126,0,0,0.0317154,0.0322889,1,1,0,0.478476,0.478476,1,-999
7,gen=25_member=123_pso,0.720177,0.545237,0.00867312,0.00911752,0.0317154,0.0322889,1,0.5625,1,0.474062,0.474062,1,-999
7,gen=24_member=93_pso,0.745512,0.525379,0.00951586,0.0104666,0.189046,0.261974,2,1,0,0.469088,0.469088,1,-999
7,gen=13_member=386_pso,0.648354,0.62683,0,0,0.0317154,0.0322889,1,1,0,0.467519,0.467519,1,-999
7,gen=12_member=335_pso,0.984464,0.026722,0,0,0.189046,0.261974,2,1,0,0.478978,0.478978,1,-999
7,gen=24_member=112_pso,0.147255,0.894229,0.0478802,0.0550643,0.0478802,0.0550643,1,1,0,0.450784,0.450784,1,-999
7,gen=23_member=88_pso,0.34869,0.839852,0.00611213,0.00603863,0.0317154,0.0322889,1,1,0,0.466771,0.466771,1,-999
7,gen=23_member=79_pso,0.814073,0.412863,0.00700807,0.00856504,0.0317154,0.0322889,1,1,0,0.46247,0.46247,1,-999
7,gen=11_member=331_pso,0.443821,0.781957,0,0,0.0317154,0.0322889,1,1,0,0.475031,0.475031,1,-999
7,gen=21_member=27_pso,0.028055,0.983009,0.00840705,0.00647596,0.0317154,0.0322889,1,1,0,0.425324,0.425324,1,-999
7,gen=19_member=565_pso,0.530383,0.722301,0,0,0.0317154,0.0322889,1,1,0,0.464735,0.464735,1,-999
7,gen=19_member=556_pso,0.865994,0.322597,0,0,0.0317154,0.0322889,1,1,0,0.465585,0.465585,1,-999
7,gen=19_member=549_pso,0.633186,0.638985,0,0,0.0317154,0.0322889,1,1,0,0.468972,0.468972,1,-999
7,gen=18_member=527_pso,0.968182,0.0307688,0,0,0.0317154,0.0322889,1,0.25,2,0.481461,0.481461,1,-999
7,gen=26_member=171_pso,0.325396,0.928725,0.0733535,0.0915288,0.0733535,0.0915288,1,0.5625,1,0.458804,0.458804,1,-999
7,gen=26_member=152_pso,0.963515,0.042549,0.00558543,0.00734771,0.0317154,0.0322889,1,0.0625,3,0.484457,0.484457,1,-999
7,gen=25_member=128_pso,0.933207,0.125446,0.00481431,0.00504915,0.0317154,0.0322889,1,0.5625,1,0.475925,0.475925,1,-999
7,gen=25_member=124_pso,0.216871,0.90997,0.042866,0.0526118,0.042866,0.0526118,1,0.5625,1,0.45239,0.45239,1,-999
7,gen=24_member=119_pso,0.417325,0.812644,0.00563652,0.00550573,0.189046,0.261974,2,1,0,0.480953,0.480953,1,-999
7,gen=24_member=113_pso,0.911048,0.181905,0.00401575,0.00381867,0.0317154,0.0322889,1,0.5625,1,0.465585,0.465585,1,-999
7,gen=22_member=50_pso,0.940108,0.102212,0.00418296,0.00459914,0.0317154,0.0322889,1,0.5625,1,0.479656,0.479656,1,-999
7,gen=20_member=584_pso,0.897035,0.2183,0,0,0.0317154,0.0322889,1,0.25,2,0.470815,0.470815,1,-999
7,gen=13_member=373_pso,0.977054,0.0276138,0,0,0.0317154,0.0322889,1,0.0625,3,0.479967,0.479967,1,-999
7,gen=27_member=208_pso,0.979517,0.0143427,0.00451189,0.00433477,0.0317154,0.0322889,1,1,1,1.47703,1.47703,1,-999
7,gen=27_member=192_pso,0.400911,0.808634,0.00518648,0.00505394,0.0317154,0.0322889,1,1,0,0.478476,0.478476,1,-999
7,gen=27_member=190_pso,0.964742,0.0227402,0.00750855,0.00895988,0.0317154,0.0322889,1,1,0,0.479988,0.479988,1,-999
7,gen=27_member=188_pso,0.730933,0.51527,0.0046186,0.00451573,0.0317154,0.0322889,1,1,0,1.46905,1.46905,1,-999
7,gen=27_member=204_pso,0.416817,0.944607,0.0828986,0.10551,0.0828986,0.10551,1,0.5625,1,0.457291,0.457291,1,-999
7,gen=27_member=194_pso,0.904961,0.202926,0.00458542,0.00457852,0.0317154,0.0322889,1,0.5625,1,0.470362,0.470362,1,-999
7,gen=27_member=186_pso,0.403967,0.806816,0.00641037,0.00606901,0.0317154,0.0322889,1,0.5625,1,1.47926,1.47926,1,-999
7,gen=27_member=182_pso,0.209661,0.898797,0.0182902,0.0205949,0.0317154,0.0322889,1,0.5625,1,0.454355,0.454355,1,-999
7,gen=27_member=207_pso,0.882929,0.246944,0.00446215,0.00438125,0.0317154,0.0322889,1,0.25,2,0.469155,0.469155,1,-999
8,gen=7_member=209_pso,0.591928,0.670637,0,0,0.0317154,0.0322889,1,1,0,0.465918,0.465918,1,-999
8,gen=27_member=208_pso,0.979517,0.0143427,0.00451189,0.00433477,0.0317154,0.0322889,1,1,1,0.45397,0.45397,1,-999
8,gen=23_member=79_pso,0.814073,0.412863,0.00700807,0.00856504,0.0317154,0.0322889,1,1,0,0.469045,0.469045,1,-999
8,gen=21_member=27_pso,0.028055,0.983009,0.00840705,0.00647596,0.0317154,0.0322889,1,1,1,0.45239,0.45239,1,-999
8,gen=19_member=565_pso,0.530383,0.722301,0,0,0.0317154,0.0322889,1,1,0,0.464735,0.464735,1,-999
8,gen=27_member=192_pso,0.400911,0.808634,0.00518648,0.00505394,0.0317154,0.0322889,1,1,0,0.463868,0.463868,1,-999
8,gen=27_member=190_pso,0.964742,0.0227402,0.00750855,0.00895988,0.0317154,0.0322889,1,1,0,0.456638,0.456638,1,-999
8,gen=27_member=188_pso,0.730933,0.51527,0.0046186,0.00451573,0.0317154,0.0322889,1,1,0,0.479256,0.479256,1,-999
8,gen=19_member=556_pso,0.865994,0.322597,0,0,0.0317154,0.0322889,1,0.444444,1,0.470362,0.470362,1,-999
8,gen=19_member=549_pso,0.633186,0.638985,0,0,0.0317154,0.0322889,1,1,0,0.470071,0.470071,1,-999
8,gen=17_member=511_pso,0.846996,0.338678,0,0,0.0317154,0.0322889,1,0.444444,1,0.468339,0.468339,1,-999
8,gen=26_member=156_pso,0.0761171,0.948765,0.0375156,0.0465283,0.0375156,0.0465283,1,0.444444,1,0.465934,0.465934,1,-999
8,gen=17_member=504_pso,0.786437,0.459565,0,0,0.0317154,0.0322889,1,1,0,0.468577,0.468577,1,-999
8,gen=17_member=491_pso,0.7004,0.562456,0,0,0.0317154,0.0322889,1,1,0,0.480127,0.480127,1,-999
8,gen=16_member=483_pso,0.682845,0.58696,0,0,0.0317154,0.0322889,1,1,0,0.482644,0.482644,1,-999
8,gen=14_member=411_pso,0.476968,0.761126,0,0,0.0317154,0.0322889,1,1,0,0.465918,0.465918,1,-999
8,gen=13_member=386_pso,0.648354,0.62683,0,0,0.0317154,0.0322889,1,1,0,0.474331,0.474331,1,-999
8,gen=11_member=331_pso,0.443821,0.781957,0,0,0.0317154,0.0322889,1,1,0,0.473553,0.473553,1,-999
8,gen=24_member=112_pso,0.147255,0.894229,0.0478802,0.0550643,0.0478802,0.0550643,1,0.444444,1,0.46269,0.46269,1,-999
8,gen=23_member=88_pso,0.34869,0.839852,0.00611213,0.00603863,0.0317154,0.0322889,1,1,0,0.464953,0.464953,1,-999
8,gen=27_member=204_pso,0.416817,0.944607,0.0828986,0.10551,0.0828986,0.10551,1,0.444444,1,0.451962,0.451962,1,-999
8,gen=27_member=194_pso,0.904961,0.202926,0.00458542,0.00457852,0.0317154,0.0322889,1,0.444444,1,0.470362,0.470362,1,-999
8,gen=27_member=186_pso,0.403967,0.806816,0.00641037,0.00606901,0.0317154,0.0322889,1,0.444444,1,0.464615,0.464615,1,-999
8,gen=27_member=182_pso,0.209661,0.898797,0.0182902,0.0205949,0.0317154,0.0322889,1,0.444444,1,0.464642,0.464642,1,-999
8,gen=26_member=171_pso,0.325396,0.928725,0.0733535,0.0915288,0.0733535,0.0915288,1,0.444444,1,0.458804,0.458804,1,-999
8,gen=25_member=128_pso,0.933207,0.125446,0.00481431,0.00504915,0.0317154,0.0322889,1,0.444444,1,0.471615,0.471615,1,-999
8,gen=25_member=124_pso,0.216871,0.90997,0.042866,0.0526118,0.042866,0.0526118,1,0.444444,1,0.463411,0.463411,1,-999
8,gen=25_member=123_pso,0.720177,0.545237,0.00867312,0.00911752,0.0317154,0.0322889,1,0.111111,2,0.474151,0.474151,1,-999
8,gen=22_member=50_pso,0.940108,0.102212,0.00418296,0.00459914,0.0317154,0.0322889,1,1,0,0.474683,0.474683,1,-999
8,gen=24_member=113_pso,0.911048,0.181905,0.00401575,0.00381867,0.0317154,0.0322889,1,0.444444,1,0.465585,0.465585,1,-999
8,gen=28_member=239_pso,0.843772,0.330624,0.00497443,0.00569708,0.0317154,0.0322889,1,1,0,0.467002,0.467002,1,-999
8,gen=28_member=216_pso,0.0640185,0.882723,0.0636457,0.0725498,0.0636457,0.0725498,1,1,0,0.462546,0.462546,1,-999
8,gen=28_member=219_pso,0.717988,0.544117,0.00346695,0.0034066,0.0317154,0.0322889,1,0.444444,1,0.474331,0.474331,1,-999
8,gen=27_member=207_pso,0.882929,0.246944,0.00446215,0.00438125,0.0317154,0.0322889,1,0.444444,1,0.476481,0.476481,1,-999
9,gen=7_member=209_pso,0.591928,0.670637,0,0,0.0317154,0.0322889,1,1,0,0.464426,0.464426,1,-999
9,gen=28_member=239_pso,0.843772,0.330624,0.00497443,0.00569708,0.0317154,0.0322889,1,1,0,0.467002,0.467002,1,-999
9,gen=22_member=50_pso,0.940108,0.102212,0.00418296,0.00459914,0.0317154,0.0322889,1,1,0,0.474683,0.474683,1,-999
9,gen=28_member=216_pso,0.0640185,0.882723,0.0636457,0.0725498,0.0636457,0.0725498,1,1,0,0.443038,0.443038,1,-999
9,gen=27_member=208_pso,0.979517,0.0143427,0.00451189,0.00433477,0.0317154,0.0322889,1,1,1,0.45397,0.45397,1,-999
9,gen=21_member=27_pso,0.028055,0.983009,0.00840705,0.00647596,0.0317154,0.0322889,1,1,1,0.434093,0.434093,1,-999
9,gen=19_member=565_pso,0.530383,0.722301,0,0,0.0317154,0.0322889,1,1,0,0.464615,0.464615,1,-999
9,gen=19_member=549_pso,0.633186,0.638985,0,0,0.0317154,0.0322889,1,1,0,0.468972,0.468972,1,-999
9,gen=27_member=192_pso,0.400911,0.808634,0.00518648,0.00505394,0.0317154,0.0322889,1,1,0,0.471958,0.471958,1,-999
9,gen=27_member=190_pso,0.964742,0.0227402,0.00750855,0.00895988,0.0317154,0.0322889,1,1,0,0.456638,0.456638,1,-999
9,gen=27_member=188_pso,0.730933,0.51527,0.0046186,0.00451573,0.0317154,0.0322889,1,1,0,0.479256,0.479256,1,-999
9,gen=17_member=504_pso,0.786437,0.459565,0,0,0.0317154,0.0322889,1,0.5625,1,0.474182,0.474182,1,-999
9,gen=17_member=491_pso,0.7004,0.562456,0,0,0.0317154,0.0322889,1,0.5625,1,0.480127,0.480127,1,-999
9,gen=16_member=483_pso,0.682845,0.58696,0,0,0.0317154,0.0322889,1,1,0,0.479256,0.479256,1,-999
9,gen=14_member=411_pso,0.476968,0.761126,0,0,0.0317154,0.0322889,1,1,0,0.464953,0.464953,1,-999
9,gen=13_member=386_pso,0.648354,0.62683,0,0,0.0317154,0.0322889,1,1,0,0.472216,0.472216,1,-999
9,gen=11_member=331_pso,0.443821,0.781957,0,0,0.0317154,0.0322889,1,1,0,0.470772,0.470772,1,-999
9,gen=23_member=88_pso,0.34869,0.839852,0.00611213,0.00603863,0.0317154,0.0322889,1,0.5625,1,0.466771,0.466771,1,-999
9,gen=23_member=79_pso,0.814073,0.412863,0.00700807,0.00856504,0.0317154,0.0322889,1,1,0,0.472739,0.472739,1,-999
9,gen=28_member=219_pso,0.717988,0.544117,0.00346695,0.0034066,0.0317154,0.0322889,1,0.25,2,0.474331,0.474331,1,-999
9,gen=27_member=207_pso,0.882929,0.246944,0.00446215,0.00438125,0.0317154,0.0322889,1,0.5625,1,0.469155,0.469155,1,-999
9,gen=27_member=204_pso,0.416817,0.944607,0.0828986,0.10551,0.0828986,0.10551,1,0.5625,1,0.457291,0.457291,1,-999
9,gen=27_member=194_pso,0.904961,0.202926,0.00458542,0.00457852,0.0317154,0.0322889,1,0.5625,1,0.470362,0.470362,1,-999
9,gen=27_member=186_pso,0.403967,0.806816,0.00641037,0.00606901,0.0317154,0.0322889,1,0.5625,1,0.471284,0.471284,1,-999
9,gen=27_member=182_pso,0.209661,0.898797,0.0182902,0.0205949,0.0317154,0.0322889,1,0.25,2,0.465222,0.465222,1,-999
9,gen=26_member=171_pso,0.325396,0.928725,0.0733535,0.0915288,0.0733535,0.0915288,1,0.0625,3,0.465222,0.465222,1,-999
9,gen=26_member=156_pso,0.0761171,0.948765,0.0375156,0.0465283,0.0375156,0.0465283,1,0.5625,1,0.444917,0.444917,1,-999
9,gen=25_member=128_pso,0.933207,0.125446,0.00481431,0.00504915,0.0317154,0.0322889,1,0.25,2,0.471615,0.471615,1,-999
9,gen=24_member=113_pso,0.911048,0.181905,0.00401575,0.00381867,0.0317154,0.0322889,1,0.5625,1,0.465585,0.465585,1,-999
9,gen=19_member=556_pso,0.865994,0.322597,0,0,0.0317154,0.0322889,1,0.5625,1,0.469186,0.469186,1,-999
9,gen=29_member=265_pso,0.337952,0.846341,0.00566361,0.00569295,0.0317154,0.0322889,1,1,0,0.467846,0.467846,1,-999
9,gen=29_member=261_pso,0.79187,0.430844,0.00461131,0.00446246,0.0317154,0.0322889,1,1,0,0.47329,0.47329,1,-999
9,gen=29_member=259_pso,0.314027,0.884274,0.024122,0.0272433,0.0317154,0.0322889,1,1,0,0.471958,0.471958,1,-999
9,gen=29_member=263_pso,0.718226,0.532353,0.00460346,0.00432023,0.0317154,0.0322889,1,0.5625,1,0.476201,0.476201,1,-999
9,gen=29_member=260_pso,0.744391,0.5047,0.00539405,0.00548294,0.0317154,0.0322889,1,0.5625,1,0.478971,0.478971,1,-999
9,gen=29_member=254_pso,0.202992,0.888328,0.0340796,0.0390578,0.0340796,0.0390578,1,0.5625,1,0.465965,0.465965,1,-999
9,gen=29_member=243_pso,0.939301,0.114385,0.00451694,0.00518939,0.0317154,0.0322889,1,0.5625,1,0.474422,0.474422,1,-999
9,gen=24_member=112_pso,0.147255,0.894229,0.0478802,0.0550643,0.0478802,0.0550643,1,0.5625,1,0.460611,0.460611,1,-999
9,gen=17_member=511_pso,0.846996,0.338678,0,0,0.0317154,0.0322889,1,0.5625,1,0.468339,0.468339,1,-999
10,gen=7_member=209_pso,0.591928,0.670637,0,0,0.0317154,0.0322889,1,1,0,0.470907,0.470907,1,-999
10,gen=29_member=265_pso,0.337952,0.846341,0.00566361,0.00569295,0.0317154,0.0322889,1,1,0,0.465554,0.465554,1,-999
10,gen=11_member=331_pso,0.443821,0.781957,0,0,0.0317154,0.0322889,1,1,0,0.470772,0.470772,1,-999
10,gen=29_member=261_pso,0.79187,0.430844,0.00461131,0.00446246,0.0317154,0.0322889,1,1,0,0.47329,0.47329,1,-999
10,gen=23_member=79_pso,0.814073,0.412863,0.00700807,0.00856504,0.0317154,0.0322889,1,0.444444,1,0.472739,0.472739,1,-999
10,gen=29_member=259_pso,0.314027,0.884274,0.024122,0.0272433,0.0317154,0.0322889,1,1,0,0.471284,0.471284,1,-999
10,gen=22_member=50_pso,0.940108,0.102212,0.00418296,0.00459914,0.0317154,0.0322889,1,1,0,0.474683,0.474683,1,-999
10,gen=21_member=27_pso,0.028055,0.983009,0.00840705,0.00647596,0.0317154,0.0322889,1,1,2,0.457153,0.457153,1,-999
10,gen=28_member=239_pso,0.843772,0.330624,0.00497443,0.00569708,0.0317154,0.0322889,1,1,0,0.47792,0.47792,1,-999
10,gen=19_member=565_pso,0.530383,0.722301,0,0,0.0317154,0.0322889,1,1,0,0.464735,0.464735,1,-999
10,gen=28_member=216_pso,0.0640185,0.882723,0.0636457,0.0725498,0.0636457,0.0725498,1,1,0,0.465965,0.465965,1,-999
10,gen=27_member=208_pso,0.979517,0.0143427,0.00451189,0.00433477,0.0317154,0.0322889,1,1,1,0.45397,0.45397,1,-999
10,gen=19_member=549_pso,0.633186,0.638985,0,0,0.0317154,0.0322889,1,1,0,0.468972,0.468972,1,-999
10,gen=16_member=483_pso,0.682845,0.58696,0,0,0.0317154,0.0322889,1,1,0,0.479256,0.479256,1,-999
10,gen=14_member=411_pso,0.476968,0.761126,0,0,0.0317154,0.0322889,1,1,0,0.465918,0.465918,1,-999
10,gen=27_member=192_pso,0.400911,0.808634,0.00518648,0.00505394,0.0317154,0.0322889,1,1,0,0.471958,0.471958,1,-999
10,gen=27_member=190_pso,0.964742,0.0227402,0.00750855,0.00895988,0.0317154,0.0322889,1,1,0,0.456638,0.456638,1,-999
10,gen=27_member=188_pso,0.730933,0.51527,0.0046186,0.00451573,0.0317154,0.0322889,1,1,0,0.469414,0.469414,1,-999
10,gen=13_member=386_pso,0.648354,0.62683,0,0,0.0317154,0.0322889,1,0.444444,1,0.472216,0.472216,1,-999
10,gen=29_member=263_pso,0.718226,0.532353,0.00460346,0.00432023,0.0317154,0.0322889,1,0.444444,1,0.472216,0.472216,1,-999
10,gen=29_member=260_pso,0.744391,0.5047,0.00539405,0.00548294,0.0317154,0.0322889,1,0.444444,1,0.472739,0.472739,1,-999
10,gen=29_member=254_pso,0.202992,0.888328,0.0340796,0.0390578,0.0340796,0.0390578,1,0.444444,1,0.465965,0.465965,1,-999
10,gen=29_member=243_pso,0.939301,0.114385,0.00451694,0.00518939,0.0317154,0.0322889,1,0.444444,1,0.474422,0.474422,1,-999
10,gen=27_member=207_pso,0.882929,0.246944,0.00446215,0.00438125,0.0317154,0.0322889,1,0.444444,1,0.47792,0.47792,1,-999
10,gen=27_member=204_pso,0.416817,0.944607,0.0828986,0.10551,0.0828986,0.10551,1,1,0,0.451962,0.451962,1,-999
10,gen=27_member=194_pso,0.904961,0.202926,0.00458542,0.00457852,0.0317154,0.0322889,1,0.444444,1,0.474683,0.474683,1,-999
10,gen=27_member=186_pso,0.403967,0.806816,0.00641037,0.00606901,0.0317154,0.0322889,1,0.444444,1,0.471284,0.471284,1,-999
10,gen=24_member=113_pso,0.911048,0.181905,0.00401575,0.00381867,0.0317154,0.0322889,1,1,0,0.475537,0.475537,1,-999
10,gen=19_member=556_pso,0.865994,0.322597,0,0,0.0317154,0.0322889,1,0.111111,2,0.475123,0.475123,1,-999
10,gen=24_member=112_pso,0.147255,0.894229,0.0478802,0.0550643,0.0478802,0.0550643,1,0.444444,1,0.473522,0.473522,1,-999
10,gen=30_member=294_pso,0.651707,0.618729,0.00396212,0.00351757,0.0317154,0.0322889,1,1,0,0.474153,0.474153,1,-999
10,gen=30_member=289_pso,0.0391619,0.917438,0.0351642,0.0440036,0.0351642,0.0440036,1,1,0,0.46158,0.46158,1,-999
10,gen=30_member=297_pso,0.120895,0.939076,0.0435847,0.0473999,0.0435847,0.0473999,1,0.444444,1,0.47598,0.47598,1,-999
10,gen=30_member=296_pso,0.822054,0.378195,0.00405159,0.0036738,0.0317154,0.0322889,1,0.444444,1,0.473297,0.473297,1,-999
10,gen=30_member=285_pso,0.872494,0.277277,0.00517263,0.0052774,0.0317154,0.0322889,1,0.444444,1,0.475537,0.475537,1,-999
10,gen=30_member=282_pso,0.204299,0.919174,0.00825146,0.00758283,0.0317154,0.0322889,1,0.444444,1,0.464632,0.464632,1,-999
11,gen=7_member=209_pso,0.591928,0.670637,0,0,0.0329892,0.0310088,1,1,0,0.470907,0.470907,1,-999
11,gen=27_member=188_pso,0.730933,0.51527,0.0046186,0.00451573,0.0329892,0.0310088,1,1,0,0.469414,0.469414,1,-999
11,gen=24_member=113_pso,0.911048,0.181905,0.00401575,0.00381867,0.0329892,0.0310088,1,1,0,0.462269,0.462269,1,-999
11,gen=30_member=294_pso,0.651707,0.618729,0.00396212,0.00351757,0.0329892,0.0310088,1,1,0,0.469414,0.469414,1,-999
11,gen=30_member=289_pso,0.0391619,0.917438,0.0351642,0.0440036,0.0351642,0.0440036,1,0.444444,1,0.473522,0.473522,1,-999
11,gen=22_member=50_pso,0.940108,0.102212,0.00418296,0.00459914,0.0329892,0.0310088,1,1,0,0.47703,0.47703,1,-999
11,gen=21_member=27_pso,0.028055,0.983009,0.00840705,0.00647596,0,0,2,-999,0,0.46269,0.46269,1,-999
11,gen=29_member=265_pso,0.337952,0.846341,0.00566361,0.00569295,0.0329892,0.0310088,1,1,0,0.465554,0.465554,1,-999
11,gen=19_member=565_pso,0.530383,0.722301,0,0,0.0329892,0.0310088,1,1,0,0.468972,0.468972,1,-999
11,gen=29_member=261_pso,0.79187,0.430844,0.00461131,0.00446246,0.0329892,0.0310088,1,1,0,0.47329,0.47329,1,-999
11,gen=19_member=549_pso,0.633186,0.638985,0,0,0.0329892,0.0310088,1,1,0,0.468047,0.468047,1,-999
11,gen=29_member=259_pso,0.314027,0.884274,0.024122,0.0272433,0.0329892,0.0310088,1,1,0,0.471284,0.471284,1,-999
11,gen=16_member=483_pso,0.682845,0.58696,0,0,0.0329892,0.0310088,1,1,0,0.475506,0.475506,1,-999
11,gen=14_member=411_pso,0.476968,0.761126,0,0,0.0329892,0.0310088,1,1,0,0.478476,0.478476,1,-999
11,gen=28_member=239_pso,0.843772,0.330624,0.00497443,0.00569708,0.0329892,0.0310088,1,1,0,0.47329,0.47329,1,-999
11,gen=28_member=216_pso,0.0640185,0.882723,0.0636457,0.0725498,0.0636457,0.0725498,1,1,0,0.467947,0.467947,1,-999
11,gen=27_member=208_pso,0.979517,0.0143427,0.00451189,0.00433477,0.0329892,0.0310088,1,1,1,0.458503,0.458503,1,-999
11,gen=11_member=331_pso,0.443821,0.781957,0,0,0.0329892,0.0310088,1,1,0,0.475031,0.475031,1,-999
11,gen=27_member=204_pso,0.416817,0.944607,0.0828986,0.10551,0.0828986,0.10551,1,1,0,0.451962,0.451962,1,-999
11,gen=27_member=192_pso,0.400911,0.808634,0.00518648,0.00505394,0.0329892,0.0310088,1,1,0,0.472685,0.472685,1,-999
11,gen=27_member=190_pso,0.964742,0.0227402,0.00750855,0.00895988,0.0329892,0.0310088,1,1,0,0.461235,0.461235,1,-999
11,gen=30_member=297_pso,0.120895,0.939076,0.0435847,0.0473999,0.0435847,0.0473999,1,0.444444,1,0.47598,0.47598,1,-999
11,gen=30_member=296_pso,0.822054,0.378195,0.00405159,0.0036738,0.0329892,0.0310088,1,0.111111,2,0.466269,0.466269,1,-999
11,gen=30_member=285_pso,0.872494,0.277277,0.00517263,0.0052774,0.0329892,0.0310088,1,0.444444,1,0.473297,0.473297,1,-999
11,gen=30_member=282_pso,0.204299,0.919174,0.00825146,0.00758283,0.0329892,0.0310088,1,0.444444,1,0.464632,0.464632,1,-999
11,gen=29_member=263_pso,0.718226,0.532353,0.00460346,0.00432023,0.0329892,0.0310088,1,0.444444,1,0.470498,0.470498,1,-999
11,gen=29_member=260_pso,0.744391,0.5047,0.00539405,0.00548294,0.0329892,0.0310088,1,1,0,0.465774,0.465774,1,-999
11,gen=29_member=254_pso,0.202992,0.888328,0.0340796,0.0390578,0.0340796,0.0390578,1,0.444444,1,0.465965,0.465965,1,-999
11,gen=29_member=243_pso,0.939301,0.114385,0.00451694,0.00518939,0.0329892,0.0310088,1,0.444444,1,0.474422,0.474422,1,-999
11,gen=24_member=112_pso,0.147255,0.894229,0.0478802,0.0550643,0.0478802,0.0550643,1,0.444444,1,0.473522,0.473522,1,-999
11,gen=31_member=322_pso,-0.0101582,0.941071,0.0392168,0.0315701,0.0392168,0.0315701,1,1,0,1.46165,1.46165,1,-999
11,gen=27_member=207_pso,0.882929,0.246944,0.00446215,0.00438125,0.0329892,0.0310088,1,1,0,0.466407,0.466407,1,-999
11,gen=31_member=303_pso,0.498079,0.746074,0.00422638,0.00430458,0.0329892,0.0310088,1,1,0,0.472685,0.472685,1,-999
11,gen=31_member=325_pso,0.843445,0.331904,0.0051891,0.00614915,0.0329892,0.0310088,1,0.444444,1,0.473577,0.473577,1,-999
11,gen=31_member=316_pso,0.970413,0.0229151,0.00586829,0.00790145,0.0329892,0.0310088,1,0.444444,1,0.460878,0.460878,1,-999
11,gen=27_member=186_pso,0.403967,0.806816,0.00641037,0.00606901,0.0329892,0.0310088,1,0.444444,1,0.473474,0.473474,1,-999
12,gen=7_member=209_pso,0.591928,0.670637,0,0,0.0329892,0.0310088,1,1,0,0.478149,0.478149,1,-999
12,gen=27_member=192_pso,0.400911,0.808634,0.00518648,0.00505394,0.0329892,0.0310088,1,1,0,0.472685,0.472685,1,-999
12,gen=31_member=322_pso,-0.0101582,0.941071,0.0392168,0.0315701,0.0392168,0.0315701,1,1,0,0.429277,0.429277,1,-999
12,gen=27_member=190_pso,0.964742,0.0227402,0.00750855,0.00895988,0.0329892,0.0310088,1,1,0,0.446682,0.446682,1,-999
12,gen=31_member=303_pso,0.498079,0.746074,0.00422638,0.00430458,0.0329892,0.0310088,1,1,0,0.471573,0.471573,1,-999
12,gen=27_member=188_pso,0.730933,0.51527,0.0046186,0.00451573,0.0329892,0.0310088,1,1,0,0.472148,0.472148,1,-999
12,gen=24_member=113_pso,0.911048,0.181905,0.00401575,0.00381867,0.0329892,0.0310088,1,1,0,0.46199,0.46199,1,-999
12,gen=30_member=294_pso,0.651707,0.618729,0.00396212,0.00351757,0.0329892,0.0310088,1,0.25,1,0.48092,0.48092,1,-999
12,gen=22_member=50_pso,0.940108,0.102212,0.00418296,0.00459914,0.0329892,0.0310088,1,1,0,0.463904,0.463904,1,-999
12,gen=19_member=565_pso,0.530383,0.722301,0,0,0.0329892,0.0310088,1,1,0,0.470881,0.470881,1,-999
12,gen=19_member=549_pso,0.633186,0.638985,0,0,0.0329892,0.0310088,1,0.25,1,0.482644,0.482644,1,-999
12,gen=29_member=265_pso,0.337952,0.846341,0.00566361,0.00569295,0.0329892,0.0310088,1,1,0,0.464632,0.464632,1,-999
12,gen=16_member=483_pso,0.682845,0.58696,0,0,0.0329892,0.0310088,1,1,0,0.480636,0.480636,1,-999
12,gen=29_member=261_pso,0.79187,0.430844,0.00461131,0.00446246,0.0329892,0.0310088,1,1,0,0.470498,0.470498,1,-999
12,gen=29_member=260_pso,0.744391,0.5047,0.00539405,0.00548294,0.0329892,0.0310088,1,1,0,0.468462,0.468462,1,-999
12,gen=29_member=259_pso,0.314027,0.884274,0.024122,0.0272433,0.0329892,0.0310088,1,1,0,0.464203,0.464203,1,-999
12,gen=14_member=411_pso,0.476968,0.761126,0,0,0.0329892,0.0310088,1,1,0,0.465918,0.465918,1,-999
12,gen=11_member=331_pso,0.443821,0.781957,0,0,0.0329892,0.0310088,1,1,0,0.472448,0.472448,1,-999
12,gen=28_member=239_pso,0.843772,0.330624,0.00497443,0.00569708,0.0329892,0.0310088,1,1,0,0.462269,0.462269,1,-999
12,gen=28_member=216_pso,0.0640185,0.882723,0.0636457,0.0725498,0.0636457,0.0725498,1,1,0,0.443038,0.443038,1,-999
12,gen=27_member=208_pso,0.979517,0.0143427,0.00451189,0.00433477,0.0329892,0.0310088,1,1,1,0.444078,0.444078,1,-999
12,gen=27_member=207_pso,0.882929,0.246944,0.00446215,0.00438125,0.0329892,0.0310088,1,1,0,0.463904,0.463904,1,-999
12,gen=27_member=204_pso,0.416817,0.944607,0.0828986,0.10551,0.0828986,0.10551,1,1,0,0.451962,0.451962,1,-999
12,gen=31_member=325_pso,0.843445,0.331904,0.0051891,0.00614915,0.0329892,0.0310088,1,0.25,1,0.46199,0.46199,1,-999
12,gen=31_member=316_pso,0.970413,0.0229151,0.00586829,0.00790145,0.0329892,0.0310088,1,0.25,1,0.446322,0.446322,1,-999
12,gen=30_member=297_pso,0.120895,0.939076,0.0435847,0.0473999,0.0435847,0.0473999,1,1,0,0.453988,0.453988,1,-999
12,gen=30_member=289_pso,0.0391619,0.917438,0.0351642,0.0440036,0.0351642,0.0440036,1,0.25,1,0.439062,0.439062,1,-999
12,gen=30_member=285_pso,0.872494,0.277277,0.00517263,0.0052774,0.0329892,0.0310088,1,0.25,1,0.460099,0.460099,1,-999
12,gen=30_member=282_pso,0.204299,0.919174,0.00825146,0.00758283,0.0329892,0.0310088,1,1,0,0.460566,0.460566,1,-999
12,gen=29_member=263_pso,0.718226,0.532353,0.00460346,0.00432023,0.0329892,0.0310088,1,0.25,1,0.474153,0.474153,1,-999
12,gen=32_member=350_pso,0.622604,0.640118,0.00430049,0.00437129,0.0329892,0.0310088,1,1,0,0.480636,0.480636,1,-999
12,gen=32_member=341_pso,0.65897,0.608753,0.00401785,0.00362344,0.0329892,0.0310088,1,1,0,0.478149,0.478149,1,-999
12,gen=32_member=337_pso,0.360605,0.850767,0.029331,0.0329191,0.0329892,0.0329191,1,0.25,1,0.466899,0.466899,1,-999
13,gen=7_member=209_pso,0.591928,0.670637,0,0,0.0329892,0.0313733,1,1,0,0.476658,0.476658,1,-999
13,gen=32_member=350_pso,0.622604,0.640118,0.00430049,0.00437129,0.0329892,0.0313733,1,1,0,0.470881,0.470881,1,-999
13,gen=32_member=341_pso,0.65897,0.608753,0.00401785,0.00362344,0.0329892,0.0313733,1,1,0,0.474086,0.474086,1,-999
13,gen=27_member=188_pso,0.730933,0.51527,0.0046186,0.00451573,0.0329892,0.0313733,1,1,0,0.472148,0.472148,1,-999
13,gen=24_member=113_pso,0.911048,0.181905,0.00401575,0.00381867,0.0329892,0.0313733,1,1,0,0.461235,0.461235,1,-999
13,gen=31_member=322_pso,-0.0101582,0.941071,0.0392168,0.0315701,0.0392168,0.0315701,1,1,0,0.433983,0.433983,1,-999
13,gen=22_member=50_pso,0.940108,0.102212,0.00418296,0.00459914,0.0329892,0.0313733,1,1,0,0.446588,0.446588,1,-999
13,gen=31_member=303_pso,0.498079,0.746074,0.00422638,0.00430458,0.0329892,0.0313733,1,1,0,0.475635,0.475635,1,-999
13,gen=30_member=297_pso,0.120895,0.939076,0.0435847,0.0473999,0.0435847,0.0473999,1,1,0,0.458086,0.458086,1,-999
13,gen=19_member=565_pso,0.530383,0.722301,0,0,0.0329892,0.0313733,1,0.444444,1,0.475188,0.475188,1,-999
13,gen=16_member=483_pso,0.682845,0.58696,0,0,0.0329892,0.0313733,1,1,0,0.475506,0.475506,1,-999
13,gen=14_member=411_pso,0.476968,0.761126,0,0,0.0329892,0.0313733,1,1,0,0.478476,0.478476,1,-999
13,gen=30_member=282_pso,0.204299,0.919174,0.00825146,0.00758283,0.0329892,0.0313733,1,1,0,0.461209,0.461209,1,-999
13,gen=29_member=265_pso,0.337952,0.846341,0.00566361,0.00569295,0.0329892,0.0313733,1,1,0,0.470539,0.470539,1,-999
13,gen=11_member=331_pso,0.443821,0.781957,0,0,0.0329892,0.0313733,1,1,0,0.475031,0.475031,1,-999
13,gen=29_member=261_pso,0.79187,0.430844,0.00461131,0.00446246,0.0329892,0.0313733,1,1,0,0.471301,0.471301,1,-999
13,gen=29_member=260_pso,0.744391,0.5047,0.00539405,0.00548294,0.0329892,0.0313733,1,1,0,0.468462,0.468462,1,-999
13,gen=29_member=259_pso,0.314027,0.884274,0.024122,0.0272433,0.0329892,0.0313733,1,0.444444,1,0.464203,0.464203,1,-999
13,gen=28_member=239_pso,0.843772,0.330624,0.00497443,0.00569708,0.0329892,0.0313733,1,0.444444,1,0.462269,0.462269,1,-999
13,gen=28_member=216_pso,0.0640185,0.882723,0.0636457,0.0725498,0.0636457,0.0725498,1,1,0,0.44697,0.44697,1,-999
13,gen=27_member=208_pso,0.979517,0.0143427,0.00451189,0.00433477,0.0329892,0.0313733,1,1,1,0.428181,0.428181,1,-999
13,gen=27_member=207_pso,0.882929,0.246944,0.00446215,0.00438125,0.0329892,0.0313733,1,1,0,0.453472,0.453472,1,-999
13,gen=27_member=204_pso,0.416817,0.944607,0.0828986,0.10551,0.0828986,0.10551,1,1,0,0.453227,0.453227,1,-999
13,gen=27_member=192_pso,0.400911,0.808634,0.00518648,0.00505394,0.0329892,0.0313733,1,1,0,0.472685,0.472685,1,-999
13,gen=27_member=190_pso,0.964742,0.0227402,0.00750855,0.00895988,0.0329892,0.0313733,1,1,0,0.430621,0.430621,1,-999
13,gen=32_member=337_pso,0.360605,0.850767,0.029331,0.0329191,0.0329892,0.0329191,1,0.444444,1,0.472448,0.472448,1,-999
13,gen=31_member=325_pso,0.843445,0.331904,0.0051891,0.00614915,0.0329892,0.0313733,1,0.111111,2,0.46199,0.46199,1,-999
13,gen=31_member=316_pso,0.970413,0.0229151,0.00586829,0.00790145,0.0329892,0.0313733,1,0.444444,1,0.430273,0.430273,1,-999
13,gen=30_member=294_pso,0.651707,0.618729,0.00396212,0.00351757,0.0329892,0.0313733,1,0.444444,1,0.476758,0.476758,1,-999
13,gen=30_member=289_pso,0.0391619,0.917438,0.0351642,0.0440036,0.0351642,0.0440036,1,0.444444,1,0.443843,0.443843,1,-999
13,gen=33_member=374_pso,0.284892,0.878887,0.00716407,0.00685446,0.0329892,0.0313733,1,1,0,0.463274,0.463274,1,-999
13,gen=33_member=366_pso,0.579221,0.683523,0.00460391,0.00458414,0.0329892,0.0313733,1,1,0,0.475635,0.475635,1,-999
13,gen=33_member=361_pso,0.516516,0.732785,0.0045136,0.00472732,0.0329892,0.0313733,1,1,0,0.478926,0.478926,1,-999
13,gen=33_member=384_pso,0.719379,0.548685,0.00661199,0.00722005,0.0329892,0.0313733,1,0.444444,1,0.469842,0.469842,1,-999
13,gen=33_member=383_pso,0.197467,0.955543,0.0839526,0.082506,0.0839526,0.082506,1,0.111111,2,0.459921,0.459921,1,-999
13,gen=33_member=381_pso,0.787651,0.439976,0.00597339,0.00638576,0.0329892,0.0313733,1,0.444444,1,0.469842,0.469842,1,-999
13,gen=33_member=380_pso,0.446883,0.78458,0.00509442,0.00533213,0.0329892,0.0313733,1,0.444444,1,0.475188,0.475188,1,-999
13,gen=33_member=364_pso,0.849726,0.323679,0.00412172,0.00392303,0.0329892,0.0313733,1,1,0,0.464152,0.464152,1,-999
14,gen=7_member=209_pso,0.591928,0.670637,0,0,0.0329892,0.0310088,1,1,0,0.478545,0.478545,1,-999
14,gen=27_member=204_pso,0.416817,0.944607,0.0828986,0.10551,0.0828986,0.10551,1,1,0,0.453223,0.453223,1,-999
14,gen=27_member=192_pso,0.400911,0.808634,0.00518648,0.00505394,0.0329892,0.0310088,1,1,0,0.472685,0.472685,1,-999
14,gen=27_member=190_pso,0.964742,0.0227402,0.00750855,0.00895988,0.0329892,0.0310088,1,1,0,0.446682,0.446682,1,-999
14,gen=27_member=188_pso,0.730933,0.51527,0.0046186,0.00451573,0.0329892,0.0310088,1,1,0,0.475258,0.475258,1,-999
14,gen=33_member=374_pso,0.284892,0.878887,0.00716407,0.00685446,0.0329892,0.0310088,1,0.444444,1,0.46824,0.46824,1,-999
14,gen=33_member=366_pso,0.579221,0.683523,0.00460391,0.00458414,0.0329892,0.0310088,1,0.444444,1,0.480829,0.480829,1,-999
14,gen=33_member=364_pso,0.849726,0.323679,0.00412172,0.00392303,0.0329892,0.0310088,1,1,0,0.457511,0.457511,1,-999
14,gen=33_member=361_pso,0.516516,0.732785,0.0045136,0.00472732,0.0329892,0.0310088,1,1,0,0.480829,0.480829,1,-999
14,gen=32_member=350_pso,0.622604,0.640118,0.00430049,0.00437129,0.0329892,0.0310088,1,1,0,0.480636,0.480636,1,-999
14,gen=32_member=341_pso,0.65897,0.608753,0.00401785,0.00362344,0.0329892,0.0310088,1,0.444444,1,0.474302,0.474302,1,-999
14,gen=24_member=113_pso,0.911048,0.181905,0.00401575,0.00381867,0.0329892,0.0310088,1,0.444444,1,0.461235,0.461235,1,-999
14,gen=22_member=50_pso,0.940108,0.102212,0.00418296,0.00459914,0.0329892,0.0310088,1,1,0,0.463904,0.463904,1,-999
14,gen=31_member=322_pso,-0.0101582,0.941071,0.0392168,0.0315701,0.0392168,0.0315701,1,1,0,0.433983,0.433983,1,-999
14,gen=16_member=483_pso,0.682845,0.58696,0,0,0.0329892,0.0310088,1,1,0,0.479256,0.479256,1,-999
14,gen=31_member=303_pso,0.498079,0.746074,0.00422638,0.00430458,0.0329892,0.0310088,1,1,0,0.480697,0.480697,1,-999
14,gen=30_member=297_pso,0.120895,0.939076,0.0435847,0.0473999,0.0435847,0.0473999,1,1,0,0.458086,0.458086,1,-999
14,gen=14_member=411_pso,0.476968,0.761126,0,0,0.0329892,0.0310088,1,1,0,0.478476,0.478476,1,-999
14,gen=11_member=331_pso,0.443821,0.781957,0,0,0.0329892,0.0310088,1,1,0,0.475799,0.475799,1,-999
14,gen=30_member=282_pso,0.204299,0.919174,0.00825146,0.00758283,0.0329892,0.0310088,1,0.444444,1,0.461209,0.461209,1,-999
14,gen=29_member=265_pso,0.337952,0.846341,0.00566361,0.00569295,0.0329892,0.0310088,1,1,0,0.470539,0.470539,1,-999
14,gen=29_member=261_pso,0.79187,0.430844,0.00461131,0.00446246,0.0329892,0.0310088,1,1,0,0.46764,0.46764,1,-999
14,gen=29_member=260_pso,0.744391,0.5047,0.00539405,0.00548294,0.0329892,0.0310088,1,1,0,0.475506,0.475506,1,-999
14,gen=28_member=216_pso,0.0640185,0.882723,0.0636457,0.0725498,0.0636457,0.0725498,1,1,0,0.44697,0.44697,1,-999
14,gen=27_member=208_pso,0.979517,0.0143427,0.00451189,0.00433477,0.0329892,0.0310088,1,1,1,0.444078,0.444078,1,-999
14,gen=27_member=207_pso,0.882929,0.246944,0.00446215,0.00438125,0.0329892,0.0310088,1,0.444444,1,0.453472,0.453472,1,-999
14,gen=33_member=384_pso,0.719379,0.548685,0.00661199,0.00722005,0.0329892,0.0310088,1,0.111111,2,0.479155,0.479155,1,-999
14,gen=33_member=381_pso,0.787651,0.439976,0.00597339,0.00638576,0.0329892,0.0310088,1,0.444444,1,0.469073,0.469073,1,-999
14,gen=33_member=380_pso,0.446883,0.78458,0.00509442,0.00533213,0.0329892,0.0310088,1,0.444444,1,0.47606,0.47606,1,-999
14,gen=32_member=337_pso,0.360605,0.850767,0.029331,0.0329191,0.0329892,0.0329191,1,0.444444,1,0.472448,0.472448,1,-999
14,gen=34_member=397_pso,0.561009,0.696174,0.00424607,0.0040516,0.0329892,0.0310088,1,1,0,0.480697,0.480697,1,-999
14,gen=34_member=396_pso,0.656326,0.608486,0.0039367,0.00390411,0.0329892,0.0310088,1,1,0,0.474475,0.474475,1,-999
14,gen=34_member=395_pso,0.17871,0.895227,0.0336925,0.0386768,0.0336925,0.0386768,1,1,0,0.460382,0.460382,1,-999
14,gen=34_member=394_pso,0.259107,0.89431,0.00792223,0.00760267,0.0329892,0.0310088,1,0.444444,1,0.464081,0.464081,1,-999
14,gen=34_member=418_pso,0.727096,0.524487,0.00408803,0.00375217,0.0329892,0.0310088,1,0.444444,1,0.474302,0.474302,1,-999
14,gen=34_member=406_pso,0.527918,0.725023,0.00430146,0.00407015,0.0329892,0.0310088,1,0.444444,1,0.48403,0.48403,1,-999
14,gen=34_member=404_pso,0.57126,0.690704,0.0040833,0.00390106,0.0329892,0.0310088,1,0.444444,1,0.482607,0.482607,1,-999
14,gen=34_member=401_pso,0.903844,0.200477,0.00419816,0.00403788,0.0329892,0.0310088,1,0.111111,2,0.457044,0.457044,1,-999
14,gen=34_member=392_pso,0.922121,0.152631,0.00450244,0.00468384,0.0329892,0.0310088,1,0.444444,1,0.465175,0.465175,1,-999
15,gen=7_member=209_pso,0.591928,0.670637,0,0,0.0332245,0.0314497,1,1,0,0.4798,0.4798,1,-999
15,gen=29_member=265_pso,0.337952,0.846341,0.00566361,0.00569295,0.0332245,0.0314497,1,1,0,0.465997,0.465997,1,-999
15,gen=29_member=261_pso,0.79187,0.430844,0.00461131,0.00446246,0.0332245,0.0314497,1,1,0,0.473067,0.473067,1,-999
15,gen=29_member=260_pso,0.744391,0.5047,0.00539405,0.00548294,0.0332245,0.0314497,1,0.444444,1,0.475506,0.475506,1,-999
15,gen=28_member=216_pso,0.0640185,0.882723,0.0636457,0.0725498,0.0636457,0.0725498,1,1,0,0.43665,0.43665,1,-999
15,gen=34_member=397_pso,0.561009,0.696174,0.00424607,0.0040516,0.0332245,0.0314497,1,1,0,0.480697,0.480697,1,-999
15,gen=34_member=396_pso,0.656326,0.608486,0.0039367,0.00390411,0.0332245,0.0314497,1,1,0,0.47397,0.47397,1,-999
15,gen=34_member=395_pso,0.17871,0.895227,0.0336925,0.0386768,0.0336925,0.0386768,1,1,0,0.455672,0.455672,1,-999
15,gen=27_member=208_pso,0.979517,0.0143427,0.00451189,0.00433477,0.0332245,0.0314497,1,0.111111,2,0.421928,0.421928,1,-999
15,gen=27_member=204_pso,0.416817,0.944607,0.0828986,0.10551,0.0828986,0.10551,1,1,0,0.451962,0.451962,1,-999
15,gen=27_member=192_pso,0.400911,0.808634,0.00518648,0.00505394,0.0332245,0.0314497,1,1,0,0.475471,0.475471,1,-999
15,gen=27_member=190_pso,0.964742,0.0227402,0.00750855,0.00895988,0.0332245,0.0314497,1,1,0,0.424318,0.424318,1,-999
15,gen=27_member=188_pso,0.730933,0.51527,0.0046186,0.00451573,0.0332245,0.0314497,1,1,0,0.475258,0.475258,1,-999
15,gen=22_member=50_pso,0.940108,0.102212,0.00418296,0.00459914,0.0332245,0.0314497,1,1,0,0.439795,0.439795,1,-999
15,gen=16_member=483_pso,0.682845,0.58696,0,0,0.0332245,0.0314497,1,1,0,0.478098,0.478098,1,-999
15,gen=33_member=364_pso,0.849726,0.323679,0.00412172,0.00392303,0.0332245,0.0314497,1,1,0,0.452602,0.452602,1,-999
15,gen=33_member=361_pso,0.516516,0.732785,0.0045136,0.00472732,0.0332245,0.0314497,1,1,0,0.483312,0.483312,1,-999
15,gen=32_member=350_pso,0.622604,0.640118,0.00430049,0.00437129,0.0332245,0.0314497,1,1,0,0.480636,0.480636,1,-999
15,gen=14_member=411_pso,0.476968,0.761126,0,0,0.0332245,0.0314497,1,1,0,0.484796,0.484796,1,-999
15,gen=11_member=331_pso,0.443821,0.781957,0,0,0.0332245,0.0314497,1,1,0,0.47953,0.47953,1,-999
15,gen=31_member=322_pso,-0.0101582,0.941071,0.0392168,0.0315701,0.0392168,0.0315701,1,1,0,0.423146,0.423146,1,-999
15,gen=31_member=303_pso,0.498079,0.746074,0.00422638,0.00430458,0.0332245,0.0314497,1,0.444444,1,0.484184,0.484184,1,-999
15,gen=30_member=297_pso,0.120895,0.939076,0.0435847,0.0473999,0.0435847,0.0473999,1,1,0,0.445896,0.445896,1,-999
15,gen=34_member=418_pso,0.727096,0.524487,0.00408803,0.00375217,0.0332245,0.0314497,1,0.444444,1,0.47397,0.47397,1,-999
15,gen=34_member=406_pso,0.527918,0.725023,0.00430146,0.00407015,0.0332245,0.0314497,1,0.444444,1,0.484796,0.484796,1,-999
15,gen=34_member=404_pso,0.57126,0.690704,0.0040833,0.00390106,0.0332245,0.0314497,1,0.444444,1,0.482607,0.482607,1,-999
15,gen=34_member=394_pso,0.259107,0.89431,0.00792223,0.00760267,0.0332245,0.0314497,1,0.444444,1,0.453223,0.453223,1,-999
15,gen=34_member=392_pso,0.922121,0.152631,0.00450244,0.00468384,0.0332245,0.0314497,1,0.444444,1,0.450376,0.450376,1,-999
15,gen=33_member=381_pso,0.787651,0.439976,0.00597339,0.00638576,0.0332245,0.0314497,1,0.444444,1,0.475282,0.475282,1,-999
15,gen=33_member=380_pso,0.446883,0.78458,0.00509442,0.00533213,0.0332245,0.0314497,1,0.444444,1,0.481281,0.481281,1,-999
15,gen=35_member=424_pso,0.635292,0.629547,0.00485054,0.00492417,0.0332245,0.0314497,1,1,0,0.4788,0.4788,1,-999
15,gen=35_member=442_pso,0.986577,0.00111434,0.00922682,0.0116957,0.0332245,0.0314497,1,1,0,0.419264,0.419264,1,-999
15,gen=35_member=436_pso,0.762163,0.479397,0.003901,0.00352079,0.0332245,0.0314497,1,1,0,0.468659,0.468659,1,-999
15,gen=35_member=434_pso,0.833451,0.354369,0.00411757,0.00382894,0.0332245,0.0314497,1,0.444444,1,0.456457,0.456457,1,-999
15,gen=35_member=448_pso,0.203414,0.900917,0.0161309,0.0161502,0.0332245,0.0314497,1,0.444444,1,0.450745,0.450745,1,-999
15,gen=35_member=446_pso,0.466257,0.837685,0.0329231,0.0509494,0.0332245,0.0509494,1,0.444444,1,0.473625,0.473625,1,-999
15,gen=35_member=433_pso,0.616886,0.649919,0.00606588,0.00655039,0.0332245,0.0314497,1,0.444444,1,0.482485,0.482485,1,-999
15,gen=35_member=432_pso,0.488252,0.753711,0.0043787,0.00458873,0.0332245,0.0314497,1,0.444444,1,0.487085,0.487085,1,-999
16,gen=7_member=209_pso,0.591928,0.670637,0,0,0.0332245,0.0314497,1,1,0,0.4798,0.4798,1,-999
16,gen=30_member=297_pso,0.120895,0.939076,0.0435847,0.0473999,0.0435847,0.0473999,1,1,0,0.445896,0.445896,1,-999
16,gen=29_member=265_pso,0.337952,0.846341,0.00566361,0.00569295,0.0332245,0.0314497,1,1,0,0.462267,0.462267,1,-999
16,gen=35_member=442_pso,0.986577,0.00111434,0.00922682,0.0116957,0.0332245,0.0314497,1,1,0,0.419264,0.419264,1,-999
16,gen=35_member=436_pso,0.762163,0.479397,0.003901,0.00352079,0.0332245,0.0314497,1,1,0,0.469638,0.469638,1,-999
16,gen=29_member=261_pso,0.79187,0.430844,0.00461131,0.00446246,0.0332245,0.0314497,1,1,0,0.473067,0.473067,1,-999
16,gen=28_member=216_pso,0.0640185,0.882723,0.0636457,0.0725498,0.0636457,0.0725498,1,1,0,0.43665,0.43665,1,-999
16,gen=27_member=204_pso,0.416817,0.944607,0.0828986,0.10551,0.0828986,0.10551,1,1,0,0.447401,0.447401,1,-999
16,gen=35_member=424_pso,0.635292,0.629547,0.00485054,0.00492417,0.0332245,0.0314497,1,1,0,0.484447,0.484447,1,-999
16,gen=27_member=192_pso,0.400911,0.808634,0.00518648,0.00505394,0.0332245,0.0314497,1,1,0,0.475504,0.475504,1,-999
16,gen=27_member=190_pso,0.964742,0.0227402,0.00750855,0.00895988,0.0332245,0.0314497,1,1,0,0.424318,0.424318,1,-999
16,gen=27_member=188_pso,0.730933,0.51527,0.0046186,0.00451573,0.0332245,0.0314497,1,1,0,0.477488,0.477488,1,-999
16,gen=34_member=397_pso,0.561009,0.696174,0.00424607,0.0040516,0.0332245,0.0314497,1,1,0,0.480011,0.480011,1,-999
16,gen=34_member=396_pso,0.656326,0.608486,0.0039367,0.00390411,0.0332245,0.0314497,1,1,0,0.484691,0.484691,1,-999
16,gen=34_member=395_pso,0.17871,0.895227,0.0336925,0.0386768,0.0336925,0.0386768,1,1,0,0.455672,0.455672,1,-999
16,gen=22_member=50_pso,0.940108,0.102212,0.00418296,0.00459914,0.0332245,0.0314497,1,1,0,0.439795,0.439795,1,-999
16,gen=16_member=483_pso,0.682845,0.58696,0,0,0.0332245,0.0314497,1,0.444444,1,0.480636,0.480636,1,-999
16,gen=14_member=411_pso,0.476968,0.761126,0,0,0.0332245,0.0314497,1,1,0,0.484796,0.484796,1,-999
16,gen=11_member=331_pso,0.443821,0.781957,0,0,0.0332245,0.0314497,1,0.444444,1,0.47953,0.47953,1,-999
16,gen=33_member=364_pso,0.849726,0.323679,0.00412172,0.00392303,0.0332245,0.0314497,1,1,0,0.459,0.459,1,-999
16,gen=33_member=361_pso,0.516516,0.732785,0.0045136,0.00472732,0.0332245,0.0314497,1,1,0,0.478926,0.478926,1,-999
16,gen=32_member=350_pso,0.622604,0.640118,0.00430049,0.00437129,0.0332245,0.0314497,1,1,0,0.480636,0.480636,1,-999
16,gen=31_member=322_pso,-0.0101582,0.941071,0.0392168,0.0315701,0.0392168,0.0315701,1,1,0,0.423146,0.423146,1,-999
16,gen=35_member=448_pso,0.203414,0.900917,0.0161309,0.0161502,0.0332245,0.0314497,1,0.444444,1,0.450745,0.450745,1,-999
16,gen=35_member=446_pso,0.466257,0.837685,0.0329231,0.0509494,0.0332245,0.0509494,1,1,0,0.475578,0.475578,1,-999
16,gen=35_member=434_pso,0.833451,0.354369,0.00411757,0.00382894,0.0332245,0.0314497,1,0.111111,2,0.456457,0.456457,1,-999
16,gen=35_member=433_pso,0.616886,0.649919,0.00606588,0.00655039,0.0332245,0.0314497,1,0.111111,2,0.482485,0.482485,1,-999
16,gen=35_member=432_pso,0.488252,0.753711,0.0043787,0.00458873,0.0332245,0.0314497,1,0.111111,2,0.484213,0.484213,1,-999
16,gen=34_member=418_pso,0.727096,0.524487,0.00408803,0.00375217,0.0332245,0.0314497,1,0.444444,1,0.475282,0.475282,1,-999
16,gen=34_member=406_pso,0.527918,0.725023,0.00430146,0.00407015,0.0332245,0.0314497,1,0.444444,1,0.4798,0.4798,1,-999
16,gen=36_member=454_pso,0.684092,0.582469,0.00383031,0.00331429,0.0332245,0.0314497,1,1,0,0.480324,0.480324,1,-999
16,gen=36_member=475_pso,0.488115,0.753781,0.00405363,0.00408026,0.0332245,0.0314497,1,0.444444,1,0.484248,0.484248,1,-999
16,gen=36_member=467_pso,0.840333,0.337182,0.00434543,0.00416367,0.0332245,0.0314497,1,0.444444,1,0.455627,0.455627,1,-999
16,gen=36_member=465_pso,0.707813,0.56118,0.00616048,0.00657009,0.0332245,0.0314497,1,0.111111,2,0.476583,0.476583,1,-999
16,gen=36_member=463_pso,0.00417178,0.934208,0.057801,0.0485312,0.057801,0.0485312,1,0.444444,1,0.425227,0.425227,1,-999
16,gen=36_member=458_pso,0.433953,0.789817,0.00445677,0.00431836,0.0332245,0.0314497,1,0.444444,1,0.480886,0.480886,1,-999
16,gen=36_member=452_pso,0.921409,0.160081,0.0045379,0.00471425,0.0332245,0.0314497,1,0.444444,1,0.451819,0.451819,1,-999
16,gen=33_member=381_pso,0.787651,0.439976,0.00597339,0.00638576,0.0332245,0.0314497,1,0.444444,1,0.472692,0.472692,1,-999
16,gen=36_member=466_pso,0.612062,0.653553,0.00381044,0.00377337,0.0332245,0.0314497,1,0.444444,1,0.483908,0.483908,1,-999
17,gen=7_member=209_pso,0.591928,0.670637,0,0,0.0332245,0.0314497,1,1,0,0.478545,0.478545,1,-999
17,gen=33_member=361_pso,0.516516,0.732785,0.0045136,0.00472732,0.0332245,0.0314497,1,0.25,1,0.485997,0.485997,1,-999
17,gen=32_member=350_pso,0.622604,0.640118,0.00430049,0.00437129,0.0332245,0.0314497,1,1,0,0.480011,0.480011,1,-999
17,gen=31_member=322_pso,-0.0101582,0.941071,0.0392168,0.0315701,0.0392168,0.0315701,1,1,0,0.455672,0.455672,1,-999
17,gen=30_member=297_pso,0.120895,0.939076,0.0435847,0.0473999,0.0435847,0.0473999,1,1,0,0.472212,0.472212,1,-999
17,gen=29_member=265_pso,0.337952,0.846341,0.00566361,0.00569295,0.0332245,0.0314497,1,1,0,0.467502,0.467502,1,-999
17,gen=29_member=261_pso,0.79187,0.430844,0.00461131,0.00446246,0.0332245,0.0314497,1,1,0,0.46704,0.46704,1,-999
17,gen=36_member=454_pso,0.684092,0.582469,0.00383031,0.00331429,0.0332245,0.0314497,1,0.25,1,0.479779,0.479779,1,-999
17,gen=28_member=216_pso,0.0640185,0.882723,0.0636457,0.0725498,0.0636457,0.0725498,1,1,0,0.470828,0.470828,1,-999
17,gen=27_member=204_pso,0.416817,0.944607,0.0828986,0.10551,0.0828986,0.10551,1,1,0,0.457302,0.457302,1,-999
17,gen=35_member=446_pso,0.466257,0.837685,0.0329231,0.0509494,0.0332245,0.0509494,1,1,0,0.475578,0.475578,1,-999
17,gen=35_member=442_pso,0.986577,0.00111434,0.00922682,0.0116957,0.0332245,0.0314497,1,1,0,0.422544,0.422544,1,-999
17,gen=35_member=436_pso,0.762163,0.479397,0.003901,0.00352079,0.0332245,0.0314497,1,1,0,0.462474,0.462474,1,-999
17,gen=27_member=192_pso,0.400911,0.808634,0.00518648,0.00505394,0.0332245,0.0314497,1,1,0,0.478476,0.478476,1,-999
17,gen=27_member=190_pso,0.964742,0.0227402,0.00750855,0.00895988,0.0332245,0.0314497,1,1,0,0.427678,0.427678,1,-999
17,gen=27_member=188_pso,0.730933,0.51527,0.0046186,0.00451573,0.0332245,0.0314497,1,1,0,0.471832,0.471832,1,-999
17,gen=35_member=424_pso,0.635292,0.629547,0.00485054,0.00492417,0.0332245,0.0314497,1,1,0,0.483598,0.483598,1,-999
17,gen=22_member=50_pso,0.940108,0.102212,0.00418296,0.00459914,0.0332245,0.0314497,1,1,0,0.443405,0.443405,1,-999
17,gen=14_member=411_pso,0.476968,0.761126,0,0,0.0332245,0.0314497,1,1,0,0.486621,0.486621,1,-999
17,gen=34_member=397_pso,0.561009,0.696174,0.00424607,0.0040516,0.0332245,0.0314497,1,1,0,0.483908,0.483908,1,-999
17,gen=34_member=396_pso,0.656326,0.608486,0.0039367,0.00390411,0.0332245,0.0314497,1,1,0,0.480237,0.480237,1,-999
17,gen=34_member=395_pso,0.17871,0.895227,0.0336925,0.0386768,0.0336925,0.0386768,1,1,0,0.470828,0.470828,1,-999
17,gen=33_member=364_pso,0.849726,0.323679,0.00412172,0.00392303,0.0332245,0.0314497,1,1,0,0.449351,0.449351,1,-999
17,gen=36_member=475_pso,0.488115,0.753781,0.00405363,0.00408026,0.0332245,0.0314497,1,0.25,1,0.484248,0.484248,1,-999
17,gen=36_member=467_pso,0.840333,0.337182,0.00434543,0.00416367,0.0332245,0.0314497,1,0.25,1,0.452692,0.452692,1,-999
17,gen=36_member=466_pso,0.612062,0.653553,0.00381044,0.00377337,0.0332245,0.0314497,1,0.25,1,0.483908,0.483908,1,-999
17,gen=36_member=463_pso,0.00417178,0.934208,0.057801,0.0485312,0.057801,0.0485312,1,0.25,1,0.458563,0.458563,1,-999
17,gen=36_member=458_pso,0.433953,0.789817,0.00445677,0.00431836,0.0332245,0.0314497,1,0.25,1,0.480886,0.480886,1,-999
17,gen=36_member=452_pso,0.921409,0.160081,0.0045379,0.00471425,0.0332245,0.0314497,1,0.25,1,0.455627,0.455627,1,-999
17,gen=35_member=448_pso,0.203414,0.900917,0.0161309,0.0161502,0.0332245,0.0314497,1,0.25,1,0.465997,0.465997,1,-999
17,gen=37_member=509_pso,0.706048,0.542897,0.00441869,0.00413161,0.0332245,0.0314497,1,1,0,0.473514,0.473514,1,-999
17,gen=37_member=484_pso,0.520929,0.728621,0.00407673,0.0042372,0.0332245,0.0314497,1,1,0,0.486621,0.486621,1,-999
17,gen=37_member=504_pso,0.288513,0.887535,0.0211825,0.0241047,0.0332245,0.0314497,1,1,0,0.467385,0.467385,1,-999
17,gen=37_member=491_pso,0.515749,0.733432,0.00427721,0.00445096,0.0332245,0.0314497,1,1,0,0.485761,0.485761,1,-999
17,gen=37_member=488_pso,0.132164,0.930468,0.0200237,0.0233757,0.0332245,0.0314497,1,0.25,1,0.468197,0.468197,1,-999
17,gen=37_member=489_pso,0.380235,0.824192,0.00510715,0.00531983,0.0332245,0.0314497,1,0.25,1,0.472997,0.472997,1,-999
18,gen=7_member=209_pso,0.591928,0.670637,0,0,0.0332245,0.0313319,1,1,0,0.478044,0.478044,1,-999
18,gen=37_member=509_pso,0.706048,0.542897,0.00441869,0.00413161,0.0332245,0.0313319,1,1,0,0.473514,0.473514,1,-999
18,gen=37_member=504_pso,0.288513,0.887535,0.0211825,0.0241047,0.0332245,0.0313319,1,0.444444,1,0.467385,0.467385,1,-999
18,gen=37_member=491_pso,0.515749,0.733432,0.00427721,0.00445096,0.0332245,0.0313319,1,1,0,0.47056,0.47056,1,-999
18,gen=30_member=297_pso,0.120895,0.939076,0.0435847,0.0473999,0.0435847,0.0473999,1,1,0,0.460529,0.460529,1,-999
18,gen=29_member=265_pso,0.337952,0.846341,0.00566361,0.00569295,0.0332245,0.0313319,1,0.444444,1,0.467502,0.467502,1,-999
18,gen=37_member=484_pso,0.520929,0.728621,0.00407673,0.0042372,0.0332245,0.0313319,1,1,0,0.472128,0.472128,1,-999
18,gen=29_member=261_pso,0.79187,0.430844,0.00461131,0.00446246,0.0332245,0.0313319,1,1,0,0.471301,0.471301,1,-999
18,gen=28_member=216_pso,0.0640185,0.882723,0.0636457,0.0725498,0.0636457,0.0725498,1,0.444444,1,0.449571,0.449571,1,-999
18,gen=27_member=204_pso,0.416817,0.944607,0.0828986,0.10551,0,0,2,-999,0,0.457302,0.457302,1,-999
18,gen=27_member=192_pso,0.400911,0.808634,0.00518648,0.00505394,0.0332245,0.0313319,1,1,0,0.475504,0.475504,1,-999
18,gen=27_member=190_pso,0.964742,0.0227402,0.00750855,0.00895988,0.0332245,0.0313319,1,1,0,0.427678,0.427678,1,-999
18,gen=27_member=188_pso,0.730933,0.51527,0.0046186,0.00451573,0.0332245,0.0313319,1,1,0,0.471832,0.471832,1,-999
18,gen=22_member=50_pso,0.940108,0.102212,0.00418296,0.00459914,0.0332245,0.0313319,1,1,0,0.443405,0.443405,1,-999
18,gen=14_member=411_pso,0.476968,0.761126,0,0,0.0332245,0.0313319,1,1,0,0.474749,0.474749,1,-999
18,gen=35_member=446_pso,0.466257,0.837685,0.0329231,0.0509494,0.0332245,0.0509494,1,1,0,0.468651,0.468651,1,-999
18,gen=35_member=442_pso,0.986577,0.00111434,0.00922682,0.0116957,0.0332245,0.0313319,1,1,0,0.422544,0.422544,1,-999
18,gen=35_member=436_pso,0.762163,0.479397,0.003901,0.00352079,0.0332245,0.0313319,1,1,0,0.471557,0.471557,1,-999
18,gen=35_member=424_pso,0.635292,0.629547,0.00485054,0.00492417,0.0332245,0.0313319,1,1,0,0.476238,0.476238,1,-999
18,gen=34_member=397_pso,0.561009,0.696174,0.00424607,0.0040516,0.0332245,0.0313319,1,1,0,0.477804,0.477804,1,-999
18,gen=34_member=396_pso,0.656326,0.608486,0.0039367,0.00390411,0.0332245,0.0313319,1,1,0,0.478545,0.478545,1,-999
18,gen=34_member=395_pso,0.17871,0.895227,0.0336925,0.0386768,0.0336925,0.0386768,1,1,0,0.465842,0.465842,1,-999
18,gen=33_member=364_pso,0.849726,0.323679,0.00412172,0.00392303,0.0332245,0.0313319,1,0.444444,1,0.459,0.459,1,-999
18,gen=32_member=350_pso,0.622604,0.640118,0.00430049,0.00437129,0.0332245,0.0313319,1,1,0,0.477784,0.477784,1,-999
18,gen=31_member=322_pso,-0.0101582,0.941071,0.0392168,0.0315701,0.0392168,0.0315701,1,1,1,0.436335,0.436335,1,-999
18,gen=37_member=489_pso,0.380235,0.824192,0.00510715,0.00531983,0.0332245,0.0313319,1,0.444444,1,0.472654,0.472654,1,-999
18,gen=37_member=488_pso,0.132164,0.930468,0.0200237,0.0233757,0.0332245,0.0313319,1,0.444444,1,0.464932,0.464932,1,-999
18,gen=36_member=475_pso,0.488115,0.753781,0.00405363,0.00408026,0.0332245,0.0313319,1,0.444444,1,0.475504,0.475504,1,-999
18,gen=36_member=467_pso,0.840333,0.337182,0.00434543,0.00416367,0.0332245,0.0313319,1,0.111111,2,0.462474,0.462474,1,-999
18,gen=36_member=466_pso,0.612062,0.653553,0.00381044,0.00377337,0.0332245,0.0313319,1,0.444444,1,0.473943,0.473943,1,-999
18,gen=38_member=539_pso,0.313508,0.848845,0.0115011,0.0123697,0.0332245,0.0313319,1,1,0,2.46584,2.46584,1,-999
18,gen=38_member=538_pso,0.271977,0.876839,0.0089261,0.00888236,0.0332245,0.0313319,1,1,0,2.46599,2.46599,1,-999
18,gen=38_member=535_pso,0.912962,0.203092,0.00394664,0.00360531,0.0332245,0.0313319,1,1,0,0.453256,0.453256,1,-999
18,gen=38_member=534_pso,0.0165321,0.890389,0.0603396,0.0680911,0.0603396,0.0680911,1,1,0,0.441004,0.441004,1,-999
18,gen=38_member=521_pso,0.85057,0.315705,0.00501511,0.00524794,0.0332245,0.0313319,1,1,0,0.457446,0.457446,1,-999
18,gen=38_member=530_pso,0.689332,0.575452,0.00700169,0.00694952,0.0332245,0.0313319,1,0.444444,1,0.473943,0.473943,1,-999
18,gen=38_member=516_pso,0.818753,0.386576,0.00427488,0.00405468,0.0332245,0.0313319,1,0.444444,1,0.472912,0.472912,1,-999
18,gen=38_member=511_pso,0.758591,0.484038,0.00557811,0.00585827,0.0332245,0.0313319,1,0.444444,1,0.47288,0.47288,1,-999
19,gen=7_member=209_pso,0.591928,0.670637,0,0,0.0332245,0.031458,1,0.111111,2,0.478545,0.478545,1,-999
19,gen=38_member=539_pso,0.313508,0.848845,0.0115011,0.0123697,0.0332245,0.031458,1,0.444444,1,0.470507,0.470507,1,-999
19,gen=38_member=538_pso,0.271977,0.876839,0.0089261,0.00888236,0.0332245,0.031458,1,0.444444,1,0.465992,0.465992,1,-999
19,gen=38_member=535_pso,0.912962,0.203092,0.00394664,0.00360531,0.0332245,0.031458,1,1,0,0.453256,0.453256,1,-999
19,gen=38_member=534_pso,0.0165321,0.890389,0.0603396,0.0680911,0.0603396,0.0680911,1,1,0,0.441259,0.441259,1,-999
19,gen=32_member=350_pso,0.622604,0.640118,0.00430049,0.00437129,0.0332245,0.031458,1,1,0,0.480011,0.480011,1,-999
19,gen=38_member=521_pso,0.85057,0.315705,0.00501511,0.00524794,0.0332245,0.031458,1,1,0,0.457446,0.457446,1,-999
19,gen=31_member=322_pso,-0.0101582,0.941071,0.0392168,0.0315701,0.0392168,0.0315701,1,1,1,0.436335,0.436335,1,-999
19,gen=30_member=297_pso,0.120895,0.939076,0.0435847,0.0473999,0.0435847,0.0473999,1,0.444444,1,0.460529,0.460529,1,-999
19,gen=37_member=509_pso,0.706048,0.542897,0.00441869,0.00413161,0.0332245,0.031458,1,1,0,0.473514,0.473514,1,-999
19,gen=29_member=261_pso,0.79187,0.430844,0.00461131,0.00446246,0.0332245,0.031458,1,1,0,0.469651,0.469651,1,-999
19,gen=37_member=491_pso,0.515749,0.733432,0.00427721,0.00445096,0.0332245,0.031458,1,1,0,0.476436,0.476436,1,-999
19,gen=27_member=192_pso,0.400911,0.808634,0.00518648,0.00505394,0.0332245,0.031458,1,1,0,0.467886,0.467886,1,-999
19,gen=27_member=190_pso,0.964742,0.0227402,0.00750855,0.00895988,0.0332245,0.031458,1,1,0,0.431112,0.431112,1,-999
19,gen=37_member=484_pso,0.520929,0.728621,0.00407673,0.0042372,0.0332245,0.031458,1,1,0,0.478044,0.478044,1,-999
19,gen=27_member=188_pso,0.730933,0.51527,0.0046186,0.00451573,0.0332245,0.031458,1,1,0,0.471832,0.471832,1,-999
19,gen=22_member=50_pso,0.940108,0.102212,0.00418296,0.00459914,0.0332245,0.031458,1,1,0,0.44711,0.44711,1,-999
19,gen=14_member=411_pso,0.476968,0.761126,0,0,0.0332245,0.031458,1,1,0,0.474294,0.474294,1,-999
19,gen=35_member=446_pso,0.466257,0.837685,0.0329231,0.0509494,0.0332245,0.0509494,1,0.444444,1,0.468651,0.468651,1,-999
19,gen=35_member=442_pso,0.986577,0.00111434,0.00922682,0.0116957,0.0332245,0.031458,1,1,0,0.425917,0.425917,1,-999
19,gen=35_member=436_pso,0.762163,0.479397,0.003901,0.00352079,0.0332245,0.031458,1,1,0,0.471557,0.471557,1,-999
19,gen=35_member=424_pso,0.635292,0.629547,0.00485054,0.00492417,0.0332245,0.031458,1,1,0,0.481575,0.481575,1,-999
19,gen=34_member=397_pso,0.561009,0.696174,0.00424607,0.0040516,0.0332245,0.031458,1,1,0,0.480011,0.480011,1,-999
19,gen=34_member=396_pso,0.656326,0.608486,0.0039367,0.00390411,0.0332245,0.031458,1,1,0,0.478187,0.478187,1,-999
19,gen=34_member=395_pso,0.17871,0.895227,0.0336925,0.0386768,0.0336925,0.0386768,1,1,0,0.473544,0.473544,1,-999
19,gen=38_member=530_pso,0.689332,0.575452,0.00700169,0.00694952,0.0332245,0.031458,1,0.444444,1,0.47288,0.47288,1,-999
19,gen=38_member=516_pso,0.818753,0.386576,0.00427488,0.00405468,0.0332245,0.031458,1,1,0,0.463864,0.463864,1,-999
19,gen=38_member=511_pso,0.758591,0.484038,0.00557811,0.00585827,0.0332245,0.031458,1,0.444444,1,0.47288,0.47288,1,-999
19,gen=37_member=504_pso,0.288513,0.887535,0.0211825,0.0241047,0.0332245,0.031458,1,0.111111,2,0.467385,0.467385,1,-999
19,gen=37_member=489_pso,0.380235,0.824192,0.00510715,0.00531983,0.0332245,0.031458,1,1,0,0.472654,0.472654,1,-999
19,gen=39_member=563_pso,0.273363,0.866447,0.0188399,0.0168346,0.0332245,0.031458,1,1,0,0.467029,0.467029,1,-999
19,gen=39_member=561_pso,0.589859,0.670979,0.00367897,0.00356804,0.0332245,0.031458,1,1,0,0.478501,0.478501,1,-999
19,gen=39_member=559_pso,0.581522,0.678696,0.00405045,0.00425417,0.0332245,0.031458,1,1,0,0.481114,0.481114,1,-999
19,gen=39_member=556_pso,0.431609,0.840812,0.0314508,0.0485127,0.0332245,0.0485127,1,0.444444,1,0.466003,0.466003,1,-999
19,gen=39_member=554_pso,0.11162,0.944855,0.0567826,0.0619187,0.0567826,0.0619187,1,1,0,0.456983,0.456983,1,-999
19,gen=39_member=549_pso,0.938914,0.181072,0.00624444,0.0063093,0.0332245,0.031458,1,1,0,0.457401,0.457401,1,-999
19,gen=39_member=555_pso,0.850461,0.321154,0.00503261,0.00480725,0.0332245,0.031458,1,0.444444,1,0.458459,0.458459,1,-999
19,gen=37_member=488_pso,0.132164,0.930468,0.0200237,0.0233757,0.0332245,0.031458,1,0.111111,2,0.464932,0.464932,1,-999
20,gen=37_member=491_pso,0.515749,0.733432,0.00427721,0.00445096,0.0332245,0.031458,1,1,0,0.47689,0.47689,1,-999
20,gen=39_member=563_pso,0.273363,0.866447,0.0188399,0.0168346,0.0332245,0.031458,1,1,0,0.467029,0.467029,1,-999
20,gen=39_member=561_pso,0.589859,0.670979,0.00367897,0.00356804,0.0332245,0.031458,1,1,0,0.478187,0.478187,1,-999
20,gen=39_member=559_pso,0.581522,0.678696,0.00405045,0.00425417,0.0332245,0.031458,1,1,0,0.479485,0.479485,1,-999
20,gen=32_member=350_pso,0.622604,0.640118,0.00430049,0.00437129,0.0332245,0.031458,1,1,0,0.477784,0.477784,1,-999
20,gen=31_member=322_pso,-0.0101582,0.941071,0.0392168,0.0315701,0.0392168,0.0315701,1,1,1,0.427673,0.427673,1,-999
20,gen=39_member=554_pso,0.11162,0.944855,0.0567826,0.0619187,0.0567826,0.0619187,1,0.64,1,0.447745,0.447745,1,-999
20,gen=39_member=549_pso,0.938914,0.181072,0.00624444,0.0063093,0.0332245,0.031458,1,0.64,1,0.461748,0.461748,1,-999
20,gen=29_member=261_pso,0.79187,0.430844,0.00461131,0.00446246,0.0332245,0.031458,1,1,0,0.46704,0.46704,1,-999
20,gen=27_member=192_pso,0.400911,0.808634,0.00518648,0.00505394,0.0332245,0.031458,1,1,0,0.478476,0.478476,1,-999
20,gen=38_member=535_pso,0.912962,0.203092,0.00394664,0.00360531,0.0332245,0.031458,1,1,0,0.457091,0.457091,1,-999
20,gen=38_member=534_pso,0.0165321,0.890389,0.0603396,0.0680911,0.0603396,0.0680911,1,1,0,0.433109,0.433109,1,-999
20,gen=27_member=190_pso,0.964742,0.0227402,0.00750855,0.00895988,0.0332245,0.031458,1,0.64,1,0.457091,0.457091,1,-999
20,gen=38_member=521_pso,0.85057,0.315705,0.00501511,0.00524794,0.0332245,0.031458,1,1,0,0.459698,0.459698,1,-999
20,gen=38_member=516_pso,0.818753,0.386576,0.00427488,0.00405468,0.0332245,0.031458,1,1,0,0.456056,0.456056,1,-999
20,gen=27_member=188_pso,0.730933,0.51527,0.0046186,0.00451573,0.0332245,0.031458,1,1,0,0.465329,0.465329,1,-999
20,gen=37_member=509_pso,0.706048,0.542897,0.00441869,0.00413161,0.0332245,0.031458,1,1,0,0.469898,0.469898,1,-999
20,gen=22_member=50_pso,0.940108,0.102212,0.00418296,0.00459914,0.0332245,0.031458,1,1,0,0.473573,0.473573,1,-999
20,gen=14_member=411_pso,0.476968,0.761126,0,0,0.0332245,0.031458,1,1,0,0.474749,0.474749,1,-999
20,gen=37_member=489_pso,0.380235,0.824192,0.00510715,0.00531983,0.0332245,0.031458,1,1,0,0.478327,0.478327,1,-999
20,gen=37_member=484_pso,0.520929,0.728621,0.00407673,0.0042372,0.0332245,0.031458,1,1,0,0.478501,0.478501,1,-999
20,gen=35_member=442_pso,0.986577,0.00111434,0.00922682,0.0116957,0.0332245,0.031458,1,1,1,0.451428,0.451428,1,-999
20,gen=35_member=436_pso,0.762163,0.479397,0.003901,0.00352079,0.0332245,0.031458,1,1,0,0.461482,0.461482,1,-999
20,gen=35_member=424_pso,0.635292,0.629547,0.00485054,0.00492417,0.0332245,0.031458,1,1,0,0.476238,0.476238,1,-999
20,gen=34_member=397_pso,0.561009,0.696174,0.00424607,0.0040516,0.0332245,0.031458,1,1,0,0.476238,0.476238,1,-999
20,gen=34_member=396_pso,0.656326,0.608486,0.0039367,0.00390411,0.0332245,0.031458,1,1,0,0.475603,0.475603,1,-999
20,gen=34_member=395_pso,0.17871,0.895227,0.0336925,0.0386768,0.0336925,0.0386768,1,1,0,0.455672,0.455672,1,-999
20,gen=39_member=556_pso,0.431609,0.840812,0.0314508,0.0485127,0.0332245,0.0485127,1,0.04,4,0.474294,0.474294,1,-999
20,gen=39_member=555_pso,0.850461,0.321154,0.00503261,0.00480725,0.0332245,0.031458,1,0.64,1,0.458701,0.458701,1,-999
20,gen=38_member=539_pso,0.313508,0.848845,0.0115011,0.0123697,0.0332245,0.031458,1,0.64,1,0.470507,0.470507,1,-999
20,gen=40_member=585_pso,0.975318,0.00850659,0.00548171,0.00652566,0.0332245,0.031458,1,1,0,0.453647,0.453647,1,-999
20,gen=40_member=596_pso,0.0862411,0.934202,0.0308703,0.0310845,0.0332245,0.031458,1,1,0,0.445582,0.445582,1,-999
20,gen=40_member=590_pso,0.456586,0.775394,0.00427577,0.0044879,0.0332245,0.031458,1,1,0,0.479142,0.479142,1,-999
20,gen=40_member=583_pso,0.398093,0.822738,0.00604917,0.00567348,0.0332245,0.031458,1,0.36,2,0.478711,0.478711,1,-999
20,gen=40_member=572_pso,0.941728,0.165934,0.00406675,0.00391801,0.0332245,0.031458,1,1,0,0.460603,0.460603,1,-999
20,gen=40_member=592_pso,0.38751,0.849931,0.0134176,0.0110727,0.0332245,0.031458,1,0.16,3,0.475682,0.475682,1,-999
20,gen=38_member=530_pso,0.689332,0.575452,0.00700169,0.00694952,0.0332245,0.031458,1,0.64,1,0.471557,0.471557,1,-999
